,start,end,duration,round_epochs,loss,accuracy,recall,precision,val_loss,val_accuracy,val_recall,val_precision,act_fn,batch_size,client_lr,client_momentum,epochs
33,05/17/21-030121,05/17/21-030211,50.875333309173584,17,0.0016705369343981147,0.9895104765892029,0.9883449673652649,0.9894982576370239,0.008976699784398079,0.9408000111579895,0.9355999827384949,0.9472512006759644,relu,16,0.5,0.9,50
29,05/17/21-025653,05/17/21-025800,66.7138180732727,24,0.0006310513708740473,0.996503472328186,0.996503472328186,0.996503472328186,0.009521523490548134,0.9404000043869019,0.9376999735832214,0.9438349008560181,relu,16,0.3,0.95,50
73,05/17/21-032845,05/17/21-032920,35.24182987213135,24,0.00281349616125226,0.9848484992980957,0.9848484992980957,0.9848484992980957,0.010778871364891529,0.9293000102043152,0.9233999848365784,0.9367961883544922,relu,32,0.5,0.9,50
119,05/17/21-034548,05/17/21-034607,19.480139017105103,23,0.0023336305748671293,0.9871794581413269,0.9860140085220337,0.9906322956085205,0.011256515048444271,0.9286999702453613,0.9241999983787537,0.9370374083518982,relu,64,0.7,0.95,50
74,05/17/21-032921,05/17/21-032950,29.298766613006592,19,0.0036298504564911127,0.9778555035591125,0.9778555035591125,0.9824355840682983,0.011305863037705421,0.9277999997138977,0.9229000210762024,0.9356244802474976,relu,32,0.5,0.95,50
114,05/17/21-034408,05/17/21-034432,23.73505449295044,30,0.0017925810534507036,0.9895104765892029,0.9895104765892029,0.9895104765892029,0.012360772117972374,0.9208999872207642,0.9165999889373779,0.9291434288024902,relu,64,0.5,0.95,50
28,05/17/21-025557,05/17/21-025653,56.170814037323,20,0.0024831511545926332,0.9871794581413269,0.9860140085220337,0.9871645569801331,0.012264288030564785,0.9203000068664551,0.9150999784469604,0.9291298389434814,relu,16,0.3,0.9,50
38,05/17/21-030538,05/17/21-030618,39.299580097198486,13,0.007285755127668381,0.9510489702224731,0.940559446811676,0.9584323167800903,0.012160620652139187,0.9189000129699707,0.9093999862670898,0.9322398900985718,relu,16,0.7,0.9,50
79,05/17/21-033214,05/17/21-033243,29.22864007949829,19,0.006209817714989185,0.9615384340286255,0.9592074751853943,0.9625731110572815,0.013781622052192688,0.9175999760627747,0.9151999950408936,0.9222087860107422,relu,32,0.7,0.95,50
78,05/17/21-033150,05/17/21-033214,23.401206016540527,15,0.007352249696850777,0.9545454382896423,0.9487179517745972,0.9621749520301819,0.012827853672206402,0.9172999858856201,0.904699981212616,0.9318158626556396,relu,32,0.7,0.9,50
69,05/17/21-032607,05/17/21-032639,31.626816511154175,22,0.004498597700148821,0.9662004709243774,0.9638694524765015,0.9729411602020264,0.01295556966215372,0.9150000214576721,0.9086999893188477,0.9233817458152771,relu,32,0.3,0.95,50
109,05/17/21-034222,05/17/21-034243,20.35785722732544,26,0.004103101324290037,0.9755244851112366,0.9755244851112366,0.9778037667274475,0.013822347857058048,0.910099983215332,0.902899980545044,0.9179544448852539,relu,64,0.3,0.95,50
19,05/17/21-024435,05/17/21-024546,71.28714871406555,27,0.0033941317815333605,0.9836829900741577,0.9813519716262817,0.9859485030174255,0.013844255357980728,0.9085999727249146,0.9013000130653381,0.9179142713546753,relu,16,0.07,0.95,50
24,05/17/21-025120,05/17/21-025216,55.884973764419556,20,0.005542318802326918,0.9662004709243774,0.9650349617004395,0.9672897458076477,0.01365959458053112,0.9085999727249146,0.8998000025749207,0.9194768071174622,relu,16,0.1,0.95,50
68,05/17/21-032540,05/17/21-032607,26.92672896385193,18,0.010481324978172779,0.9358974099159241,0.9265734553337097,0.9486873745918274,0.014913694933056831,0.8999000191688538,0.8898000121116638,0.9156205058097839,relu,32,0.3,0.9,50
13,05/17/21-023537,05/17/21-023705,87.81296467781067,34,0.008505750447511673,0.9522144794464111,0.9382284283638,0.9629186391830444,0.01539718359708786,0.899399995803833,0.8849999904632568,0.9152016639709473,relu,16,0.05,0.9,50
113,05/17/21-034351,05/17/21-034408,16.5911762714386,21,0.014819622971117496,0.9067599177360535,0.8904429078102112,0.9215922951698303,0.015114634297788143,0.8985000252723694,0.8830999732017517,0.9156988859176636,relu,64,0.5,0.9,50
36,05/17/21-030343,05/17/21-030445,62.02257442474365,22,0.007658719085156918,0.9545454382896423,0.9487179517745972,0.9621749520301819,0.015676327049732208,0.8966000080108643,0.8859000205993652,0.9089882969856262,relu,16,0.7,0.3,50
27,05/17/21-025445,05/17/21-025556,70.91179084777832,26,0.007396253757178783,0.9557109475135803,0.9510489702224731,0.9611307382583618,0.016487520188093185,0.8914999961853027,0.8810999989509583,0.9055498242378235,relu,16,0.3,0.6,50
77,05/17/21-033108,05/17/21-033150,41.43688893318176,28,0.007297513075172901,0.9580419659614563,0.9498834609985352,0.9667853116989136,0.016971170902252197,0.8912000060081482,0.8813999891281128,0.9029812812805176,relu,32,0.7,0.6,50
9,05/17/21-023106,05/17/21-023207,60.97942519187927,23,0.011702987365424633,0.9289044141769409,0.9149184226989746,0.9435096383094788,0.016334768384695053,0.8877999782562256,0.8695999979972839,0.912295401096344,relu,16,0.03,0.95,50
32,05/17/21-030036,05/17/21-030120,44.25171208381653,16,0.011515368707478046,0.9335664510726929,0.9195803999900818,0.9460431933403015,0.01740379072725773,0.8831999897956848,0.8704000115394592,0.8975046277046204,relu,16,0.5,0.6,50
37,05/17/21-030445,05/17/21-030538,53.14837574958801,19,0.005453155376017094,0.9673659801483154,0.9638694524765015,0.9763872623443604,0.017614388838410378,0.8828999996185303,0.8726999759674072,0.8972856402397156,relu,16,0.7,0.6,50
58,05/17/21-031910,05/17/21-032011,60.92872762680054,37,0.013127090409398079,0.9102563858032227,0.9009323716163635,0.9324487447738647,0.01742025837302208,0.8822000026702881,0.8652999997138977,0.9048416018486023,relu,32,0.07,0.9,50
14,05/17/21-023705,05/17/21-023755,49.33328723907471,19,0.010787885636091232,0.9335664510726929,0.9149184226989746,0.9492140412330627,0.01764005422592163,0.8808000087738037,0.8680999875068665,0.8993991017341614,relu,16,0.05,0.95,50
26,05/17/21-025324,05/17/21-025445,81.37095332145691,30,0.012456261552870274,0.9219114184379578,0.9032633900642395,0.9416767954826355,0.017911450937390327,0.8806999921798706,0.8644000291824341,0.899666965007782,relu,16,0.3,0.3,50
22,05/17/21-024859,05/17/21-025033,93.6761417388916,36,0.014700316824018955,0.9090909361839294,0.8857808709144592,0.9348093271255493,0.018065299838781357,0.878600001335144,0.8554999828338623,0.9047166109085083,relu,16,0.1,0.6,50
64,05/17/21-032222,05/17/21-032256,33.05928158760071,19,0.012737804092466831,0.9207459092140198,0.9032633900642395,0.9359903335571289,0.017987806349992752,0.8769000172615051,0.8579000234603882,0.9021978974342346,relu,32,0.1,0.95,50
31,05/17/21-025913,05/17/21-030036,82.57452058792114,29,0.007834941148757935,0.9498834609985352,0.9440559148788452,0.9597156643867493,0.018339084461331367,0.8762000203132629,0.866100013256073,0.8902251124382019,relu,16,0.5,0.3,50
23,05/17/21-025033,05/17/21-025120,46.402246952056885,17,0.01281373668462038,0.9230769276618958,0.9055944085121155,0.9338942170143127,0.01867568865418434,0.8747000098228455,0.8583999872207642,0.8962205052375793,relu,16,0.1,0.9,50
59,05/17/21-032011,05/17/21-032058,46.69853472709656,28,0.01035241037607193,0.941724956035614,0.9335664510726929,0.9501779079437256,0.01918075419962406,0.8723000288009644,0.8611000180244446,0.8855409026145935,relu,32,0.07,0.95,50
63,05/17/21-032138,05/17/21-032222,43.86663317680359,25,0.012989925220608711,0.9160839319229126,0.9067599177360535,0.9430302977561951,0.01902185194194317,0.8723000288009644,0.8522999882698059,0.8948971033096313,relu,32,0.1,0.9,50
71,05/17/21-032729,05/17/21-032816,46.99051356315613,33,0.015481804497539997,0.9009323716163635,0.8741258978843689,0.9213759303092957,0.018985966220498085,0.8718000054359436,0.8474000096321106,0.900627076625824,relu,32,0.5,0.3,50
108,05/17/21-034205,05/17/21-034222,16.924330234527588,22,0.015316406264901161,0.8997669219970703,0.8752913475036621,0.9226044416427612,0.019525321200489998,0.8700000047683716,0.8500999808311462,0.895501971244812,relu,64,0.3,0.9,50
117,05/17/21-034509,05/17/21-034534,24.84292483329773,32,0.01171675231307745,0.9300699234008789,0.9137529134750366,0.9491525292396545,0.019543223083019257,0.8690000176429749,0.8503999710083008,0.8924336433410645,relu,64,0.7,0.6,50
104,05/17/21-034041,05/17/21-034100,19.351670265197754,26,0.0159668680280447,0.8951048851013184,0.8729603886604309,0.9178921580314636,0.019718023017048836,0.868399977684021,0.8481000065803528,0.8932069540023804,relu,64,0.1,0.95,50
112,05/17/21-034329,05/17/21-034351,21.496100664138794,28,0.020176701247692108,0.8659673929214478,0.8298368453979492,0.8967254161834717,0.020561473444104195,0.866100013256073,0.8281999826431274,0.9057305455207825,relu,64,0.5,0.6,50
53,05/17/21-031557,05/17/21-031710,73.32907366752625,47,0.012488999404013157,0.9254079461097717,0.9020978808403015,0.9496932625770569,0.02047589235007763,0.8646000027656555,0.8450000286102295,0.8919147253036499,relu,32,0.05,0.9,50
72,05/17/21-032817,05/17/21-032845,27.822567462921143,19,0.016787441447377205,0.8846153616905212,0.8543123602867126,0.9151061177253723,0.02018624357879162,0.8644999861717224,0.8352000117301941,0.896041214466095,relu,32,0.5,0.6,50
54,05/17/21-031710,05/17/21-031755,44.51723623275757,26,0.01522857416421175,0.9067599177360535,0.8857808709144592,0.9290953278541565,0.020757094025611877,0.862500011920929,0.8379999995231628,0.8884648084640503,relu,32,0.05,0.95,50
49,05/17/21-031316,05/17/21-031408,52.50726890563965,33,0.01733926683664322,0.8869463801383972,0.8624708652496338,0.9215441942214966,0.020966999232769012,0.8622000217437744,0.8314999938011169,0.8937976956367493,relu,32,0.03,0.95,50
70,05/17/21-032639,05/17/21-032729,50.025310039520264,35,0.016679830849170685,0.8916084170341492,0.8613053560256958,0.9180124402046204,0.020515138283371925,0.8611000180244446,0.8321999907493591,0.89349365234375,relu,32,0.5,0.0,50
4,05/17/21-022434,05/17/21-022608,93.43899607658386,36,0.01947701722383499,0.8787878751754761,0.8356643319129944,0.9215938448905945,0.02101210691034794,0.8600000143051147,0.8238999843597412,0.9000437259674072,relu,16,0.01,0.95,50
65,05/17/21-032256,05/17/21-032415,79.51576495170593,50,0.018773077055811882,0.8787878751754761,0.8391608595848083,0.9254498481750488,0.02136911079287529,0.8593999743461609,0.8166999816894531,0.9043295383453369,relu,32,0.3,0.0,50
21,05/17/21-024655,05/17/21-024859,123.9583625793457,48,0.019257334992289543,0.867132842540741,0.8368298411369324,0.9134860038757324,0.021491659805178642,0.8567000031471252,0.8163999915122986,0.8967486619949341,relu,16,0.1,0.3,50
75,05/17/21-032950,05/17/21-033038,47.537912368774414,34,0.013433633372187614,0.9160839319229126,0.8986014127731323,0.9413919448852539,0.021564748138189316,0.8555999994277954,0.830299973487854,0.8834858536720276,relu,32,0.7,0.0,50
17,05/17/21-024139,05/17/21-024336,116.87715411186218,46,0.01817866787314415,0.8869463801383972,0.8473193645477295,0.9179292917251587,0.02200368605554104,0.8535000085830688,0.8119000196456909,0.8921977877616882,relu,16,0.07,0.6,50
18,05/17/21-024337,05/17/21-024434,57.55178952217102,21,0.01410689763724804,0.9137529134750366,0.8951048851013184,0.9309090971946716,0.022031748667359352,0.8529000282287598,0.832099974155426,0.8739628195762634,relu,16,0.07,0.9,50
66,05/17/21-032416,05/17/21-032505,49.784361124038696,35,0.01965308003127575,0.8764568567276001,0.8228438496589661,0.9121447205543518,0.022972116246819496,0.8472999930381775,0.8070999979972839,0.8918232321739197,relu,32,0.3,0.3,50
103,05/17/21-034014,05/17/21-034041,26.236987590789795,35,0.01757446676492691,0.8881118893623352,0.8601398468017578,0.9088670015335083,0.023041727021336555,0.8468999862670898,0.8105999827384949,0.8896937966346741,relu,64,0.1,0.9,50
76,05/17/21-033038,05/17/21-033108,30.2052583694458,20,0.01726577989757061,0.8846153616905212,0.8519813418388367,0.914893627166748,0.02310286834836006,0.8413000106811523,0.8141000270843506,0.8740605711936951,relu,32,0.7,0.3,50
67,05/17/21-032506,05/17/21-032539,33.66490983963013,22,0.018551655113697052,0.8881118893623352,0.8461538553237915,0.9189873337745667,0.02380354143679142,0.8391000032424927,0.8098000288009644,0.8725352883338928,relu,32,0.3,0.6,50
48,05/17/21-031158,05/17/21-031315,77.38683557510376,49,0.018077267333865166,0.8869463801383972,0.8531468510627747,0.927756667137146,0.02324359305202961,0.838100016117096,0.804099977016449,0.8778384327888489,relu,32,0.03,0.9,50
30,05/17/21-025800,05/17/21-025913,72.37025094032288,26,0.013329637236893177,0.9149184226989746,0.8939393758773804,0.9342265725135803,0.024635184556245804,0.8356999754905701,0.8176000118255615,0.8563050031661987,relu,16,0.5,0.0,50
99,05/17/21-033851,05/17/21-033910,19.081931352615356,25,0.022116541862487793,0.8484848737716675,0.8240092992782593,0.8870765566825867,0.02427934855222702,0.8334000110626221,0.8012999892234802,0.8762165307998657,relu,64,0.07,0.95,50
44,05/17/21-030852,05/17/21-031009,77.13463807106018,50,0.025317765772342682,0.8310023546218872,0.752913773059845,0.9150141477584839,0.02617197297513485,0.8295999765396118,0.7566999793052673,0.8966702222824097,relu,32,0.01,0.95,50
93,05/17/21-033634,05/17/21-033707,33.055936098098755,43,0.02235223725438118,0.8694638609886169,0.7925407886505127,0.9115281701087952,0.025210343301296234,0.8287000060081482,0.770799994468689,0.8877116441726685,relu,64,0.05,0.9,50
25,05/17/21-025216,05/17/21-025323,67.04622387886047,24,0.020176680758595467,0.8764568567276001,0.8286713361740112,0.9115384817123413,0.025160018354654312,0.8270000219345093,0.784600019454956,0.8713905215263367,relu,16,0.3,0.0,50
34,05/17/21-030212,05/17/21-030250,37.858115434646606,13,0.011442799121141434,0.9277389049530029,0.9242424368858337,0.9307511448860168,0.029430212453007698,0.8248000144958496,0.817300021648407,0.8350873589515686,relu,16,0.5,0.95,50
118,05/17/21-034534,05/17/21-034547,13.416124820709229,16,0.021727047860622406,0.8566433787345886,0.8344988226890564,0.9298701286315918,0.02538180910050869,0.8238999843597412,0.7979000210762024,0.898738443851471,relu,64,0.7,0.9,50
16,05/17/21-023931,05/17/21-024139,127.75883388519287,50,0.025822285562753677,0.8414918184280396,0.748251736164093,0.908062219619751,0.02766779251396656,0.8144000172615051,0.7343000173568726,0.8858728408813477,relu,16,0.07,0.3,50
110,05/17/21-034243,05/17/21-034315,31.87667489051819,43,0.026820609346032143,0.8228438496589661,0.7342657446861267,0.8873239159584045,0.028811560943722725,0.8058000206947327,0.708299994468689,0.8831670880317688,relu,64,0.5,0.0,50
115,05/17/21-034432,05/17/21-034501,29.300933361053467,38,0.02429918944835663,0.8368298411369324,0.7890442609786987,0.8826597332954407,0.027646759524941444,0.8032000064849854,0.7558000087738037,0.8584734201431274,relu,64,0.7,0.0,50
3,05/17/21-022225,05/17/21-022434,128.9574167728424,50,0.0336184985935688,0.7960373163223267,0.6200466156005859,0.9156626462936401,0.03347353637218475,0.7900999784469604,0.614799976348877,0.9207727909088135,relu,16,0.01,0.9,50
12,05/17/21-023400,05/17/21-023537,96.58189749717712,38,0.027647579088807106,0.8298368453979492,0.7156177163124084,0.9164178967475891,0.03054015152156353,0.7846999764442444,0.6934000253677368,0.8816274404525757,relu,16,0.05,0.6,50
35,05/17/21-030250,05/17/21-030342,52.130292892456055,18,0.015442343428730965,0.8927738666534424,0.8706293702125549,0.916564404964447,0.03167198970913887,0.7831000089645386,0.7559000253677368,0.8105297088623047,relu,16,0.7,0.0,50
107,05/17/21-034140,05/17/21-034205,25.118253707885742,33,0.02036234736442566,0.8764568567276001,0.8205128312110901,0.9166666865348816,0.0312659777700901,0.7692999839782715,0.7239000201225281,0.8238306641578674,relu,64,0.3,0.6,50
15,05/17/21-023755,05/17/21-023931,96.15047240257263,37,0.08705934137105942,0.5337995290756226,0.0,0.0,0.08697637915611267,0.5242000222206116,0.0,0.0,relu,16,0.07,0.0,50
102,05/17/21-033936,05/17/21-034014,37.4811007976532,50,0.08783922344446182,0.5314685106277466,0.0,0.0,0.0878317803144455,0.5084999799728394,0.0,0.0,relu,64,0.1,0.6,50
88,05/17/21-033454,05/17/21-033528,34.74087595939636,43,0.08560032397508621,0.4603729546070099,0.0,0.0,0.08533687144517899,0.46549999713897705,0.0,0.0,relu,64,0.03,0.9,50
20,05/17/21-024546,05/17/21-024654,68.00436520576477,26,0.0872998833656311,0.4860139787197113,0.0,0.0,0.08720255643129349,0.46219998598098755,0.0,0.0,relu,16,0.1,0.0,50
105,05/17/21-034100,05/17/21-034120,19.29770541191101,25,0.08918439596891403,0.4580419659614563,0.0,0.0,0.08915746957063675,0.460099995136261,0.0,0.0,relu,64,0.3,0.0,50
8,05/17/21-023036,05/17/21-023106,30.238396167755127,11,0.083693727850914,0.4300699234008789,0.0,0.0,0.08164656907320023,0.45190000534057617,0.0006000000284984708,1.0,relu,16,0.03,0.9,50
92,05/17/21-033601,05/17/21-033634,32.74799728393555,43,0.0889839231967926,0.42657342553138733,0.0,0.0,0.08896519243717194,0.4408000111579895,0.0,0.0,relu,64,0.05,0.6,50
89,05/17/21-033529,05/17/21-033548,19.11723494529724,24,0.08300118148326874,0.4277389347553253,0.0023310023825615644,1.0,0.08211333304643631,0.42649999260902405,0.006800000090152025,1.0,relu,64,0.03,0.95,50
94,05/17/21-033707,05/17/21-033719,11.190221071243286,14,0.08364597707986832,0.42424243688583374,0.0011655011912807822,1.0,0.08234018087387085,0.41260001063346863,0.004900000058114529,1.0,relu,64,0.05,0.95,50
84,05/17/21-033312,05/17/21-033347,35.223073959350586,44,0.0879918709397316,0.4172494113445282,0.0,0.0,0.0880337730050087,0.3898000121116638,0.0,0.0,relu,64,0.01,0.95,50
106,05/17/21-034120,05/17/21-034139,19.19178295135498,25,0.08717436343431473,0.3741258680820465,0.0,0.0,0.08694195002317429,0.38960000872612,0.0,0.0,relu,64,0.3,0.3,50
57,05/17/21-031830,05/17/21-031909,39.272587060928345,24,0.08834290504455566,0.3717948794364929,0.0,0.0,0.08834200352430344,0.3617999851703644,0.0,0.0,relu,32,0.07,0.6,50
46,05/17/21-031030,05/17/21-031141,70.40501809120178,46,0.08942583948373795,0.3473193347454071,0.0,0.0,0.08939717710018158,0.35659998655319214,0.0,0.0,relu,32,0.03,0.3,50
10,05/17/21-023208,05/17/21-023341,93.74605083465576,36,0.08822832256555557,0.3461538553237915,0.0,0.0,0.08828423917293549,0.34060001373291016,0.0,0.0,relu,16,0.05,0.0,50
43,05/17/21-030748,05/17/21-030852,63.17219543457031,42,0.08904876559972763,0.32517483830451965,0.0,0.0,0.08901188522577286,0.335099995136261,0.0,0.0,relu,32,0.01,0.9,50
98,05/17/21-033841,05/17/21-033851,9.413313865661621,11,0.08899929374456406,0.32400932908058167,0.0,0.0,0.08898205310106277,0.328000009059906,0.0,0.0,relu,64,0.07,0.9,50
52,05/17/21-031457,05/17/21-031556,58.991905212402344,37,0.08787829428911209,0.32867133617401123,0.0,0.0,0.08790644258260727,0.3172000050544739,0.0,0.0,relu,32,0.05,0.6,50
1,05/17/21-021805,05/17/21-022015,129.86192107200623,50,0.08966105431318283,0.31351980566978455,0.0,0.0,0.08967380225658417,0.3091000020503998,0.0,0.0,relu,16,0.01,0.3,50
96,05/17/21-033734,05/17/21-033812,37.3937931060791,50,0.08838444948196411,0.31351980566978455,0.0,0.0,0.08843276649713516,0.30090001225471497,0.0,0.0,relu,64,0.07,0.3,50
2,05/17/21-022015,05/17/21-022225,129.84190225601196,50,0.08927079290151596,0.31468531489372253,0.0,0.0,0.08928374946117401,0.29649999737739563,0.0,0.0,relu,16,0.01,0.6,50
5,05/17/21-022608,05/17/21-022815,126.36468958854675,50,0.08919025212526321,0.2960372865200043,0.0,0.0,0.08924314379692078,0.28110000491142273,0.0,0.0,relu,16,0.03,0.0,50
116,05/17/21-034502,05/17/21-034509,7.074848890304565,8,0.08847928047180176,0.279720276594162,0.0,0.0,0.08833017200231552,0.2784000039100647,0.0,0.0,relu,64,0.7,0.3,50
6,05/17/21-022815,05/17/21-023017,121.90980505943298,48,0.08868756145238876,0.278554767370224,0.0,0.0,0.08872417360544205,0.2768999934196472,0.0,0.0,relu,16,0.03,0.3,50
111,05/17/21-034315,05/17/21-034329,14.067245244979858,18,0.08653126657009125,0.2913752794265747,0.0,0.0,0.08609435707330704,0.25920000672340393,0.0,0.0,relu,64,0.5,0.3,50
97,05/17/21-033812,05/17/21-033841,28.888473510742188,38,0.08907092362642288,0.2668997645378113,0.0,0.0,0.08914431929588318,0.25380000472068787,0.0,0.0,relu,64,0.07,0.6,50
85,05/17/21-033347,05/17/21-033418,30.978196620941162,39,0.08972994983196259,0.21911421418190002,0.0,0.0,0.08969976752996445,0.2354000061750412,0.0,0.0,relu,64,0.03,0.0,50
87,05/17/21-033425,05/17/21-033453,28.29278826713562,35,0.08955240249633789,0.21212121844291687,0.0,0.0,0.08959909528493881,0.20569999516010284,0.0,0.0,relu,64,0.03,0.6,50
101,05/17/21-033916,05/17/21-033936,19.572295665740967,25,0.08940944075584412,0.18997669219970703,0.0,0.0,0.08938903361558914,0.1891999989748001,0.0,0.0,relu,64,0.1,0.3,50
47,05/17/21-031141,05/17/21-031158,16.605116844177246,10,0.08976313471794128,0.18414919078350067,0.0,0.0,0.08977541327476501,0.1728000044822693,0.0,0.0,relu,32,0.03,0.6,50
45,05/17/21-031009,05/17/21-031030,20.455071449279785,11,0.08988315612077713,0.15734265744686127,0.0,0.0,0.08983311057090759,0.17059999704360962,0.0,0.0,relu,32,0.03,0.0,50
0,05/17/21-021744,05/17/21-021804,20.837963581085205,6,0.09003477543592453,0.15501165390014648,0.0,0.0,0.09002172946929932,0.1671999990940094,0.0,0.0,relu,16,0.01,0.0,50
56,05/17/21-031809,05/17/21-031830,20.634126663208008,11,0.08976120501756668,0.17832167446613312,0.0,0.0,0.08978406339883804,0.1639000028371811,0.0,0.0,relu,32,0.07,0.3,50
39,05/17/21-030618,05/17/21-030658,40.073559522628784,13,0.16559508442878723,0.17132867872714996,0.17132867872714996,0.17132867872714996,0.16950155794620514,0.15230000019073486,0.15230000019073486,0.15230000019073486,relu,16,0.7,0.95,50
95,05/17/21-033719,05/17/21-033734,15.32745099067688,20,0.08993548899888992,0.17715618014335632,0.0,0.0,0.08994344621896744,0.1467999964952469,0.0,0.0,relu,64,0.07,0.0,50
91,05/17/21-033554,05/17/21-033600,6.44051718711853,6,0.0899796262383461,0.139860138297081,0.0,0.0,0.08995764702558517,0.14429999887943268,0.0,0.0,relu,64,0.05,0.3,50
51,05/17/21-031436,05/17/21-031457,21.298539400100708,10,0.08994384109973907,0.14335663616657257,0.0,0.0,0.08995062112808228,0.14329999685287476,0.0,0.0,relu,32,0.05,0.3,50
11,05/17/21-023342,05/17/21-023400,17.92418599128723,6,0.08988568186759949,0.1247086226940155,0.0,0.0,0.08988268673419952,0.1281999945640564,0.0,0.0,relu,16,0.05,0.3,50
62,05/17/21-032124,05/17/21-032138,14.177116394042969,6,0.08982232213020325,0.12703962624073029,0.0,0.0,0.08978702127933502,0.12449999898672104,0.0,0.0,relu,32,0.1,0.6,50
42,05/17/21-030722,05/17/21-030748,26.08472180366516,15,0.08992024511098862,0.1107226088643074,0.0,0.0,0.0899127796292305,0.1096000000834465,0.0,0.0,relu,32,0.01,0.6,50
7,05/17/21-023017,05/17/21-023035,17.90516471862793,6,0.08985307812690735,0.11421911418437958,0.0,0.0,0.08984551578760147,0.10920000076293945,0.0,0.0,relu,16,0.03,0.6,50
86,05/17/21-033419,05/17/21-033425,6.155290842056274,6,0.09004256129264832,0.10023310035467148,0.0,0.0,0.09004124253988266,0.10779999941587448,0.0,0.0,relu,64,0.03,0.3,50
80,05/17/21-033243,05/17/21-033250,6.413663864135742,6,0.09003658592700958,0.1107226088643074,0.0,0.0,0.09003935009241104,0.10620000213384628,0.0,0.0,relu,64,0.01,0.0,50
55,05/17/21-031755,05/17/21-031809,13.295485496520996,6,0.08989890664815903,0.11421911418437958,0.0,0.0,0.089906245470047,0.10530000180006027,0.0,0.0,relu,32,0.07,0.0,50
83,05/17/21-033304,05/17/21-033311,7.200512170791626,6,0.08995440602302551,0.10372960567474365,0.0,0.0,0.0899718701839447,0.1039000004529953,0.0,0.0,relu,64,0.01,0.9,50
50,05/17/21-031409,05/17/21-031435,26.25777816772461,15,0.08978753536939621,0.11771561950445175,0.0,0.0,0.08979617804288864,0.10360000282526016,0.0,0.0,relu,32,0.05,0.0,50
60,05/17/21-032058,05/17/21-032111,12.5481116771698,6,0.08990950882434845,0.1107226088643074,0.0,0.0,0.08988077193498611,0.10130000114440918,0.0,0.0,relu,32,0.1,0.0,50
81,05/17/21-033250,05/17/21-033257,6.7676403522491455,6,0.09003108739852905,0.10489510744810104,0.0,0.0,0.09005431085824966,0.10109999775886536,0.0,0.0,relu,64,0.01,0.3,50
61,05/17/21-032111,05/17/21-032123,12.289994716644287,6,0.08976589143276215,0.10839160531759262,0.0,0.0,0.08977098017930984,0.1005999967455864,0.0,0.0,relu,32,0.1,0.3,50
90,05/17/21-033548,05/17/21-033554,5.552253246307373,6,0.08997738361358643,0.10256410390138626,0.0,0.0,0.08996281772851944,0.09350000321865082,0.0,0.0,relu,64,0.05,0.0,50
40,05/17/21-030658,05/17/21-030710,11.234196901321411,6,0.08992855250835419,0.0839160829782486,0.0,0.0,0.08993809670209885,0.08669999986886978,0.0,0.0,relu,32,0.01,0.0,50
82,05/17/21-033257,05/17/21-033304,6.505538702011108,6,0.08990688621997833,0.0827505812048912,0.0,0.0,0.08990637958049774,0.08240000158548355,0.0,0.0,relu,64,0.01,0.6,50
100,05/17/21-033910,05/17/21-033916,5.9685914516448975,6,0.08988278359174728,0.09090909361839294,0.0,0.0,0.08991644531488419,0.07689999788999557,0.0,0.0,relu,64,0.1,0.0,50
41,05/17/21-030710,05/17/21-030722,11.557726621627808,6,0.0900924801826477,0.03496503457427025,0.0,0.0,0.09005188941955566,0.03759999945759773,0.0,0.0,relu,32,0.01,0.3,50
