,start,end,duration,round_epochs,loss,accuracy,recall,precision,val_loss,val_accuracy,val_recall,val_precision,act_fn,client_lr,client_momentum,batch_size,epochs
20,12/11/22-194306,12/11/22-194358,52.023282289505005,30,0.06106559559702873,0.5268943905830383,0.3356890380382538,0.725806474685669,0.06357704848051071,0.5335689187049866,0.35335689783096313,0.6622516512870789,relu,0.5,0.0,8,30
18,12/11/22-194118,12/11/22-194212,53.376264572143555,30,0.058999501168727875,0.549273669719696,0.3718099594116211,0.7392662167549133,0.06229325756430626,0.5123674869537354,0.3816254436969757,0.6878980994224548,relu,0.3,0.6,8,30
11,12/11/22-193505,12/11/22-193600,54.5829439163208,30,0.06571993976831436,0.4695720374584198,0.269336462020874,0.6859999895095825,0.06500548869371414,0.4946996569633484,0.268551230430603,0.6666666865348816,relu,0.05,0.9,8,30
21,12/11/22-194358,12/11/22-194451,53.25299000740051,30,0.06099098548293114,0.5292500853538513,0.3352964222431183,0.7040395736694336,0.0649789422750473,0.48763251304626465,0.30035334825515747,0.6967213153839111,relu,0.5,0.3,8,30
15,12/11/22-193840,12/11/22-193934,53.68682026863098,30,0.060660168528556824,0.5347467660903931,0.34864547848701477,0.7266775965690613,0.06808920949697495,0.4699646532535553,0.2826855182647705,0.6722689270973206,relu,0.1,0.9,8,30
22,12/11/22-194452,12/11/22-194545,53.60210418701172,30,0.06186573952436447,0.5159010887145996,0.3360816538333893,0.718120813369751,0.06606297940015793,0.4593639671802521,0.30035334825515747,0.6589147448539734,relu,0.5,0.6,8,30
17,12/11/22-194025,12/11/22-194118,53.34139847755432,30,0.06344308704137802,0.5013741850852966,0.30270907282829285,0.7152133584022522,0.0678979754447937,0.4558303952217102,0.33922260999679565,0.6442952752113342,relu,0.3,0.3,8,30
16,12/11/22-193934,12/11/22-194024,50.55321669578552,29,0.06677596271038055,0.4723203778266907,0.25559481978416443,0.680962324142456,0.07138237357139587,0.42756184935569763,0.20141342282295227,0.5643564462661743,relu,0.3,0.0,8,30
7,12/11/22-193144,12/11/22-193237,53.596513986587524,30,0.06726431846618652,0.46603846549987793,0.24185316264629364,0.6913580298423767,0.0708470344543457,0.4204947054386139,0.2614840865135193,0.6218487620353699,relu,0.03,0.9,8,30
14,12/11/22-193746,12/11/22-193840,53.34433579444885,30,0.06893105804920197,0.45151159167289734,0.2206517457962036,0.6512166857719421,0.07264267653226852,0.4098939895629883,0.16607773303985596,0.6103895902633667,relu,0.1,0.6,8,30
10,12/11/22-193411,12/11/22-193505,53.93333673477173,30,0.07386255264282227,0.3977228105068207,0.15115822851657867,0.6395348906517029,0.07299536466598511,0.40282684564590454,0.15547703206539154,0.6769230961799622,relu,0.05,0.6,8,30
3,12/11/22-192809,12/11/22-192903,53.88029384613037,30,0.07437051832675934,0.3863368630409241,0.1366313248872757,0.6236559152603149,0.07369475811719894,0.38869258761405945,0.14487633109092712,0.611940324306488,relu,0.01,0.9,8,30
6,12/11/22-193050,12/11/22-193143,53.439741134643555,30,0.07571971416473389,0.38672947883605957,0.11582253873348236,0.6197478771209717,0.0747869610786438,0.3816254436969757,0.1236749142408371,0.7291666865348816,relu,0.03,0.6,8,30
13,12/11/22-193653,12/11/22-193746,53.34695792198181,30,0.07209476828575134,0.418531596660614,0.16489988565444946,0.6392694115638733,0.07216962426900864,0.37455829977989197,0.1978798657655716,0.658823549747467,relu,0.1,0.3,8,30
19,12/11/22-194212,12/11/22-194306,53.60932683944702,30,0.07582127302885056,0.36592069268226624,0.16607773303985596,0.613933265209198,0.07564948499202728,0.3710247278213501,0.12720848619937897,0.6206896305084229,relu,0.3,0.9,8,30
12,12/11/22-193600,12/11/22-193653,52.287248611450195,30,0.07375077903270721,0.3957597315311432,0.1468394249677658,0.6328257322311401,0.07654866576194763,0.356890469789505,0.18727914988994598,0.557894766330719,relu,0.1,0.0,8,30
5,12/11/22-192956,12/11/22-193050,53.78981876373291,30,0.08080074936151505,0.30506476759910583,0.043580684810876846,0.578125,0.07867901772260666,0.3427561819553375,0.03180212154984474,0.75,relu,0.03,0.3,8,30
8,12/11/22-193237,12/11/22-193330,52.191686391830444,30,0.07828203588724136,0.33961522579193115,0.08166470378637314,0.6190476417541504,0.07822659611701965,0.3180212080478668,0.0989399328827858,0.6363636255264282,relu,0.05,0.0,8,30
9,12/11/22-193330,12/11/22-193411,41.083523988723755,23,0.07981773465871811,0.31527286767959595,0.057322338223457336,0.5770751237869263,0.07838021963834763,0.31448763608932495,0.09540636092424393,0.6428571343421936,relu,0.05,0.3,8,30
4,12/11/22-192903,12/11/22-192956,52.47601628303528,30,0.08295482397079468,0.27915194630622864,0.021594032645225525,0.5729166865348816,0.08109908550977707,0.30035334825515747,0.010600706562399864,0.75,relu,0.03,0.0,8,30
2,12/11/22-192715,12/11/22-192809,54.085803270339966,30,0.08473265171051025,0.245779350399971,0.009030231274664402,0.3709677457809448,0.08216743916273117,0.27915194630622864,0.0035335689317435026,0.5,relu,0.01,0.6,8,30
0,12/11/22-192528,12/11/22-192620,52.72022604942322,30,0.08682957291603088,0.19159795343875885,0.004711425397545099,0.3529411852359772,0.08488351851701736,0.23674911260604858,0.0,0.0,relu,0.01,0.0,8,30
1,12/11/22-192621,12/11/22-192714,53.80287718772888,30,0.08667825907468796,0.18963485956192017,0.007067137863487005,0.3913043439388275,0.08488733321428299,0.2226148396730423,0.0035335689317435026,0.5,relu,0.01,0.3,8,30
23,12/11/22-194545,12/11/22-194606,20.344279766082764,11,0.09004810452461243,0.09462112188339233,0.0,0.0,0.090013787150383,0.12014134228229523,0.0,0.0,relu,0.5,0.9,8,30
