,start,end,duration,round_epochs,loss,accuracy,recall,precision,val_loss,val_accuracy,val_recall,val_precision,act_fn,batch_size,client_lr,client_momentum,epochs
113,05/24/21-135233,05/24/21-135445,131.72415161132812,14,0.08952802419662476,0.18367347121238708,0.0,0.0,0.0898505225777626,0.1972956359386444,0.0,0.0,relu,64,0.5,0.9,50
108,05/24/21-134124,05/24/21-134426,182.25631427764893,24,0.08826752007007599,0.18367347121238708,0.0,0.0,0.09003587812185287,0.1969883292913437,0.0,0.0,relu,64,0.3,0.9,50
71,05/24/21-123341,05/24/21-123645,184.5144271850586,11,0.08933942019939423,0.18367347121238708,0.0,0.0,0.08947423100471497,0.19648893177509308,0.0,0.0,relu,32,0.5,0.3,50
112,05/24/21-135034,05/24/21-135232,117.74290776252747,11,0.08891525864601135,0.20408163964748383,0.0,0.0,0.08954763412475586,0.19598954916000366,0.0,0.0,relu,64,0.5,0.6,50
117,05/24/21-140103,05/24/21-140316,133.01888036727905,13,0.08925241231918335,0.18367347121238708,0.0,0.0,0.08982900530099869,0.19595113396644592,0.0,0.0,relu,64,0.7,0.6,50
23,05/24/21-101901,05/24/21-102324,262.9305338859558,11,0.08920405805110931,0.18367347121238708,0.0,0.0,0.08940562605857849,0.19587430357933044,0.0,0.0,relu,16,0.1,0.9,50
25,05/24/21-102824,05/24/21-103218,233.2639479637146,9,0.08975629508495331,0.18367347121238708,0.0,0.0,0.08993174880743027,0.19587430357933044,0.0,0.0,relu,16,0.3,0.0,50
28,05/24/21-104014,05/24/21-104435,260.5299837589264,11,0.08912322670221329,0.18367347121238708,0.0,0.0,0.08983053267002106,0.19587430357933044,0.0,0.0,relu,16,0.3,0.9,50
38,05/24/21-111734,05/24/21-112024,170.07724905014038,6,0.08877822011709213,0.18367347121238708,0.0,0.0,0.08874858915805817,0.19587430357933044,0.0,0.0,relu,16,0.7,0.9,50
114,05/24/21-135446,05/24/21-135645,118.51812434196472,10,0.08960369974374771,0.18367347121238708,0.0,0.0,0.08965781331062317,0.19587430357933044,0.0,0.0,relu,64,0.5,0.95,50
29,05/24/21-104436,05/24/21-104730,173.96035504341125,7,0.08921771496534348,0.18367347121238708,0.0,0.0,0.08949693292379379,0.19587430357933044,0.0,0.0,relu,16,0.3,0.95,50
73,05/24/21-123932,05/24/21-124201,149.0407156944275,9,0.08916224539279938,0.18367347121238708,0.0,0.0,0.0897660180926323,0.19587430357933044,0.0,0.0,relu,32,0.5,0.9,50
74,05/24/21-124202,05/24/21-124358,115.66125798225403,6,0.08852236717939377,0.18367347121238708,0.0,0.0,0.08953902125358582,0.19587430357933044,0.0,0.0,relu,32,0.5,0.95,50
58,05/24/21-115931,05/24/21-120253,202.29251790046692,13,0.08922089636325836,0.18367347121238708,0.0,0.0,0.0894605815410614,0.19587430357933044,0.0,0.0,relu,32,0.07,0.9,50
33,05/24/21-110205,05/24/21-110443,158.23771786689758,6,0.08858946710824966,0.18367347121238708,0.0,0.0,0.09009513258934021,0.19587430357933044,0.0,0.0,relu,16,0.5,0.9,50
34,05/24/21-110445,05/24/21-110803,197.6354033946991,7,0.08859749883413315,0.18367347121238708,0.0,0.0,0.08958283066749573,0.19587430357933044,0.0,0.0,relu,16,0.5,0.95,50
24,05/24/21-102326,05/24/21-102823,297.253648519516,13,0.08866684883832932,0.18367347121238708,0.0,0.0,0.0898076742887497,0.19587430357933044,0.0,0.0,relu,16,0.1,0.95,50
35,05/24/21-110804,05/24/21-111116,191.84141898155212,7,0.08967068791389465,0.18367347121238708,0.0,0.0,0.08975708484649658,0.1958358883857727,0.0,0.0,relu,16,0.7,0.0,50
68,05/24/21-122437,05/24/21-122735,178.06006360054016,12,0.08851131051778793,0.18367347121238708,0.0,0.0,0.08908958733081818,0.19568224251270294,0.0,0.0,relu,32,0.3,0.9,50
116,05/24/21-135823,05/24/21-140101,158.43161725997925,19,0.08926411718130112,0.18367347121238708,0.0,0.0,0.08962096273899078,0.19560541212558746,0.0,0.0,relu,64,0.7,0.3,50
27,05/24/21-103448,05/24/21-104012,324.53693103790283,14,0.0887487456202507,0.18367347121238708,0.0,0.0,0.08961783349514008,0.19560541212558746,0.0,0.0,relu,16,0.3,0.6,50
110,05/24/21-134613,05/24/21-134851,158.76301550865173,20,0.08864784240722656,0.18367347121238708,0.0,0.0,0.08943165838718414,0.19518284499645233,0.0,0.0,relu,64,0.5,0.0,50
31,05/24/21-105218,05/24/21-105635,257.079354763031,10,0.08940820395946503,0.18367347121238708,0.0,0.0,0.08977776020765305,0.19510602951049805,0.0,0.0,relu,16,0.5,0.3,50
69,05/24/21-122736,05/24/21-123136,239.37674260139465,17,0.0878356546163559,0.18367347121238708,0.0,0.0,0.08991043269634247,0.19479870796203613,0.0,0.0,relu,32,0.3,0.95,50
59,05/24/21-120255,05/24/21-120645,230.0822398662567,16,0.08898868411779404,0.18367347121238708,0.0,0.0,0.0893423780798912,0.19395358860492706,0.0,0.0,relu,32,0.07,0.95,50
67,05/24/21-122208,05/24/21-122435,146.94929838180542,10,0.089114248752594,0.18367347121238708,0.0,0.0,0.08939776569604874,0.19372311234474182,0.0,0.0,relu,32,0.3,0.6,50
13,05/24/21-094043,05/24/21-094854,490.46765780448914,21,0.08868461847305298,0.20408163964748383,0.0,0.0,0.08950762450695038,0.19007375836372375,0.0,0.0,relu,16,0.05,0.9,50
72,05/24/21-123647,05/24/21-123930,162.37736988067627,10,0.08839800208806992,0.18367347121238708,0.0,0.0,0.08935851603746414,0.18803779780864716,0.0,0.0,relu,32,0.5,0.6,50
65,05/24/21-121645,05/24/21-122001,195.84156441688538,13,0.08905362337827682,0.22448979318141937,0.0,0.0,0.08937475085258484,0.1815842092037201,0.0,0.0,relu,32,0.3,0.0,50
50,05/24/21-114327,05/24/21-114530,122.27685070037842,6,0.090090312063694,0.18367347121238708,0.0,0.0,0.08982625603675842,0.1773202270269394,0.0,0.0,relu,32,0.05,0.0,50
115,05/24/21-135646,05/24/21-135820,93.76853275299072,6,0.08988567441701889,0.1428571492433548,0.0,0.0,0.08958669751882553,0.17040565609931946,0.0,0.0,relu,64,0.7,0.0,50
118,05/24/21-140317,05/24/21-140515,118.02417039871216,12,0.08789928257465363,0.18367347121238708,0.0,0.0,0.0900927409529686,0.1598801463842392,0.0,0.0,relu,64,0.7,0.9,50
94,05/24/21-131916,05/24/21-132027,71.22154712677002,6,0.0896870568394661,0.10204081982374191,0.0,0.0,0.08992044627666473,0.15945759415626526,0.0,0.0,relu,64,0.05,0.95,50
93,05/24/21-131733,05/24/21-131914,100.6837363243103,6,0.08998948335647583,0.10204081982374191,0.0,0.0,0.08990617096424103,0.15938076376914978,0.0,0.0,relu,64,0.05,0.9,50
62,05/24/21-121049,05/24/21-121248,118.84888029098511,6,0.08950294554233551,0.10204081982374191,0.0,0.0,0.08934308588504791,0.15477104485034943,0.0,0.0,relu,32,0.1,0.6,50
1,05/24/21-090238,05/24/21-090542,184.0321295261383,6,0.09013684093952179,0.08163265138864517,0.0,0.0,0.08987844735383987,0.15304240584373474,0.0,0.0,relu,16,0.01,0.3,50
22,05/24/21-101354,05/24/21-101900,306.1143522262573,12,0.0890040472149849,0.1428571492433548,0.0,0.0,0.08991716802120209,0.14808696508407593,0.0,0.0,relu,16,0.1,0.6,50
53,05/24/21-114944,05/24/21-115139,115.07849717140198,6,0.09001506865024567,0.10204081982374191,0.0,0.0,0.08995915204286575,0.147664412856102,0.0,0.0,relu,32,0.05,0.9,50
76,05/24/21-124601,05/24/21-124933,212.5483582019806,15,0.08786711096763611,0.2448979616165161,0.0,0.0,0.08998844772577286,0.1468961238861084,0.0,0.0,relu,32,0.7,0.3,50
32,05/24/21-105636,05/24/21-110204,327.6445164680481,15,0.08885917067527771,0.18367347121238708,0.0,0.0,0.08981974422931671,0.1430162936449051,0.0,0.0,relu,16,0.5,0.6,50
106,05/24/21-133824,05/24/21-133958,93.9395260810852,6,0.0899280309677124,0.10204081982374191,0.0,0.0,0.08988498151302338,0.1405961960554123,0.0,0.0,relu,64,0.3,0.3,50
70,05/24/21-123137,05/24/21-123339,122.02285742759705,6,0.08986116945743561,0.12244898080825806,0.0,0.0,0.0897301733493805,0.1386754810810089,0.0,0.0,relu,32,0.5,0.0,50
78,05/24/21-125125,05/24/21-125425,180.574068069458,12,0.0853823870420456,0.30612245202064514,0.0,0.0,0.09235979616641998,0.13329747319221497,0.0,0.0,relu,32,0.7,0.9,50
119,05/24/21-140517,05/24/21-140715,118.12588500976562,12,0.0876397117972374,0.2857142984867096,0.0,0.0,0.09099921584129333,0.11858481913805008,0.0,0.0,relu,64,0.7,0.95,50
18,05/24/21-100115,05/24/21-100421,186.27170872688293,6,0.08954264968633652,0.18367347121238708,0.0,0.0,0.08987129479646683,0.11566533148288727,0.0,0.0,relu,16,0.07,0.9,50
79,05/24/21-125427,05/24/21-125735,187.36438465118408,13,0.0873531773686409,0.22448979318141937,0.0,0.0,0.09154491871595383,0.11539643257856369,0.0,0.0,relu,32,0.7,0.95,50
109,05/24/21-134429,05/24/21-134611,102.12712550163269,6,0.08907241374254227,0.16326530277729034,0.0,0.0,0.08995875716209412,0.11328364908695221,0.0,0.0,relu,64,0.3,0.95,50
105,05/24/21-133623,05/24/21-133823,120.32239532470703,11,0.08997783064842224,0.10204081982374191,0.0,0.0,0.09006401151418686,0.10948064178228378,0.0,0.0,relu,64,0.3,0.0,50
7,05/24/21-092052,05/24/21-092435,223.4458932876587,8,0.09080107510089874,0.06122449040412903,0.0,0.0,0.09035337716341019,0.10917332768440247,0.0,0.0,relu,16,0.03,0.6,50
47,05/24/21-113722,05/24/21-113917,115.1473548412323,6,0.0902632474899292,0.040816325694322586,0.0,0.0,0.09018982201814651,0.10763675719499588,0.0,0.0,relu,32,0.03,0.6,50
36,05/24/21-111118,05/24/21-111413,174.63941931724548,6,0.08979103714227676,0.1428571492433548,0.0,0.0,0.08983410894870758,0.10721419751644135,0.0,0.0,relu,16,0.7,0.3,50
96,05/24/21-132205,05/24/21-132339,93.50060153007507,6,0.09003366529941559,0.18367347121238708,0.0,0.0,0.09009351581335068,0.10579287260770798,0.0,0.0,relu,64,0.07,0.3,50
99,05/24/21-132655,05/24/21-132832,96.52438879013062,6,0.0897979810833931,0.16326530277729034,0.0,0.0,0.08986639976501465,0.10487093031406403,0.0,0.0,relu,64,0.07,0.95,50
95,05/24/21-132028,05/24/21-132205,96.66213417053223,6,0.08983814716339111,0.1428571492433548,0.0,0.0,0.09003911912441254,0.10475568473339081,0.0,0.0,relu,64,0.07,0.0,50
64,05/24/21-121448,05/24/21-121643,115.1554434299469,6,0.08986391127109528,0.020408162847161293,0.0,0.0,0.08964669704437256,0.10360325872898102,0.0,0.0,relu,32,0.1,0.95,50
61,05/24/21-120849,05/24/21-121047,118.19716262817383,6,0.09045974910259247,0.1428571492433548,0.0,0.0,0.090164914727211,0.10287338495254517,0.0,0.0,relu,32,0.1,0.3,50
14,05/24/21-094854,05/24/21-095235,220.21953678131104,8,0.08966144174337387,0.18367347121238708,0.0,0.0,0.08986683189868927,0.10152889043092728,0.0,0.0,relu,16,0.05,0.95,50
9,05/24/21-092722,05/24/21-093152,269.5117611885071,10,0.08978217095136642,0.18367347121238708,0.0,0.0,0.08993484079837799,0.1008758470416069,0.0,0.0,relu,16,0.03,0.95,50
45,05/24/21-113320,05/24/21-113509,108.82641577720642,6,0.08986086398363113,0.16326530277729034,0.0,0.0,0.08994501084089279,0.10079901665449142,0.0,0.0,relu,32,0.03,0.0,50
91,05/24/21-131428,05/24/21-131554,85.96005487442017,6,0.08992958068847656,0.06122449040412903,0.0,0.0,0.08991427719593048,0.10037645697593689,0.0,0.0,relu,64,0.05,0.3,50
48,05/24/21-113918,05/24/21-114119,120.64489030838013,6,0.09005355834960938,0.12244898080825806,0.0,0.0,0.08993265777826309,0.10029963403940201,0.0,0.0,relu,32,0.03,0.9,50
46,05/24/21-113510,05/24/21-113720,129.7321994304657,6,0.09017722308635712,0.08163265138864517,0.0,0.0,0.0902319848537445,0.10006914287805557,0.0,0.0,relu,32,0.03,0.3,50
104,05/24/21-133457,05/24/21-133622,84.50885534286499,6,0.08999239653348923,0.16326530277729034,0.0,0.0,0.09002717584371567,0.0994161069393158,0.0,0.0,relu,64,0.1,0.95,50
75,05/24/21-124359,05/24/21-124559,119.28207230567932,6,0.08982782810926437,0.10204081982374191,0.0,0.0,0.09005352109670639,0.0988398864865303,0.0,0.0,relu,32,0.7,0.0,50
100,05/24/21-132832,05/24/21-133010,97.35820150375366,6,0.0898883193731308,0.06122449040412903,0.0,0.0,0.08999843150377274,0.09649661928415298,0.0,0.0,relu,64,0.1,0.0,50
12,05/24/21-093734,05/24/21-094042,187.67656779289246,6,0.08993247896432877,0.10204081982374191,0.0,0.0,0.0902894139289856,0.09599723666906357,0.0,0.0,relu,16,0.05,0.6,50
6,05/24/21-091803,05/24/21-092050,167.46651244163513,6,0.09053068608045578,0.06122449040412903,0.0,0.0,0.09041190892457962,0.09592040628194809,0.0,0.0,relu,16,0.03,0.3,50
90,05/24/21-131248,05/24/21-131426,98.0468258857727,6,0.08996391296386719,0.12244898080825806,0.0,0.0,0.08977275341749191,0.09572833776473999,0.0,0.0,relu,64,0.05,0.0,50
43,05/24/21-112922,05/24/21-113130,127.46154546737671,6,0.08999083191156387,0.10204081982374191,0.0,0.0,0.08987989276647568,0.09557467699050903,0.0,0.0,relu,32,0.01,0.9,50
101,05/24/21-133011,05/24/21-133144,92.3754563331604,6,0.09000112861394882,0.08163265138864517,0.0,0.0,0.08999636769294739,0.09511370956897736,0.0,0.0,relu,64,0.1,0.3,50
2,05/24/21-090543,05/24/21-090848,184.70631217956543,6,0.09023144841194153,0.040816325694322586,0.0,0.0,0.09010818600654602,0.09442225098609924,0.0,0.0,relu,16,0.01,0.6,50
56,05/24/21-115543,05/24/21-115730,106.75082397460938,6,0.08997681736946106,0.16326530277729034,0.0,0.0,0.09038744121789932,0.09434542059898376,0.0,0.0,relu,32,0.07,0.3,50
111,05/24/21-134853,05/24/21-135032,98.34178519248962,6,0.08967126160860062,0.08163265138864517,0.0,0.0,0.09003441780805588,0.09376920759677887,0.0,0.0,relu,64,0.5,0.3,50
77,05/24/21-124934,05/24/21-125123,109.72079396247864,6,0.08931232988834381,0.1428571492433548,0.0,0.0,0.08970961719751358,0.0929240956902504,0.0,0.0,relu,32,0.7,0.6,50
30,05/24/21-104731,05/24/21-105216,284.7013690471649,12,0.08963567018508911,0.1428571492433548,0.0,0.0,0.08991579711437225,0.09284726530313492,0.0,0.0,relu,16,0.5,0.0,50
11,05/24/21-093437,05/24/21-093732,174.66914415359497,6,0.08955449610948563,0.12244898080825806,0.0,0.0,0.09004238992929459,0.09219422191381454,0.0,0.0,relu,16,0.05,0.3,50
66,05/24/21-122003,05/24/21-122207,124.24969673156738,6,0.08985190838575363,0.12244898080825806,0.0,0.0,0.09019450843334198,0.09207897633314133,0.0,0.0,relu,32,0.3,0.3,50
52,05/24/21-114736,05/24/21-114942,125.78774404525757,6,0.09025468677282333,0.1428571492433548,0.0,0.0,0.09049054980278015,0.09157959371805191,0.0,0.0,relu,32,0.05,0.6,50
26,05/24/21-103219,05/24/21-103448,148.5273780822754,6,0.08982308208942413,0.10204081982374191,0.0,0.0,0.08996396511793137,0.09142594039440155,0.0,0.0,relu,16,0.3,0.3,50
49,05/24/21-114121,05/24/21-114326,125.20429706573486,6,0.08982590585947037,0.10204081982374191,0.0,0.0,0.09000009298324585,0.0908881351351738,0.0,0.0,relu,32,0.03,0.95,50
4,05/24/21-091141,05/24/21-091449,188.13391137123108,6,0.09018553793430328,0.1428571492433548,0.0,0.0,0.0903097540140152,0.08954364061355591,0.0,0.0,relu,16,0.01,0.95,50
40,05/24/21-112334,05/24/21-112514,99.60703754425049,6,0.09031945466995239,0.1428571492433548,0.0,0.0,0.09061702340841293,0.08704671263694763,0.0,0.0,relu,32,0.01,0.0,50
97,05/24/21-132340,05/24/21-132514,93.57440853118896,6,0.09039637446403503,0.06122449040412903,0.0,0.0,0.09033171832561493,0.0866241529583931,0.0,0.0,relu,64,0.07,0.6,50
21,05/24/21-101011,05/24/21-101352,221.5267210006714,8,0.08989522606134415,0.12244898080825806,0.0,0.0,0.08999031782150269,0.0862400159239769,0.0,0.0,relu,16,0.1,0.3,50
0,05/24/21-085936,05/24/21-090237,180.8945231437683,6,0.08991018682718277,0.10204081982374191,0.0,0.0,0.08999600261449814,0.08447295427322388,0.0,0.0,relu,16,0.01,0.0,50
92,05/24/21-131556,05/24/21-131731,95.62873196601868,6,0.0898134633898735,0.08163265138864517,0.0,0.0,0.09002949297428131,0.08201444149017334,0.0,0.0,relu,64,0.05,0.6,50
85,05/24/21-130520,05/24/21-130633,72.60166692733765,6,0.09010952711105347,0.040816325694322586,0.0,0.0,0.09014513343572617,0.08136139810085297,0.0,0.0,relu,64,0.03,0.0,50
5,05/24/21-091450,05/24/21-091801,190.6555938720703,6,0.09003883600234985,0.10204081982374191,0.0,0.0,0.0900493711233139,0.08086201548576355,0.0,0.0,relu,16,0.03,0.0,50
20,05/24/21-100720,05/24/21-101010,170.56733107566833,6,0.08993765711784363,0.06122449040412903,0.0,0.0,0.0900978296995163,0.08063153177499771,0.0,0.0,relu,16,0.1,0.0,50
103,05/24/21-133322,05/24/21-133455,93.01856780052185,6,0.09025274962186813,0.08163265138864517,0.0,0.0,0.09021398425102234,0.08020897209644318,0.0,0.0,relu,64,0.1,0.9,50
60,05/24/21-120646,05/24/21-120847,121.21111869812012,6,0.09017559885978699,0.040816325694322586,0.0,0.0,0.09005212783813477,0.08020897209644318,0.0,0.0,relu,32,0.1,0.0,50
57,05/24/21-115732,05/24/21-115929,117.0251157283783,6,0.08981307595968246,0.1428571492433548,0.0,0.0,0.09006613492965698,0.07982482761144638,0.0,0.0,relu,32,0.07,0.6,50
51,05/24/21-114531,05/24/21-114734,123.04356503486633,6,0.09054796397686005,0.040816325694322586,0.0,0.0,0.09040128439664841,0.0797480046749115,0.0,0.0,relu,32,0.05,0.3,50
37,05/24/21-111414,05/24/21-111732,198.09358310699463,7,0.08946214616298676,0.1428571492433548,0.0,0.0,0.08980953693389893,0.0795559287071228,0.0,0.0,relu,16,0.7,0.6,50
86,05/24/21-130635,05/24/21-130814,99.05420136451721,6,0.09032071381807327,0.06122449040412903,0.0,0.0,0.08994490653276443,0.07901813089847565,0.0,0.0,relu,64,0.03,0.3,50
3,05/24/21-090850,05/24/21-091139,169.27284812927246,6,0.09007696062326431,0.06122449040412903,0.0,0.0,0.09025754034519196,0.07894130051136017,0.0,0.0,relu,16,0.01,0.9,50
98,05/24/21-132516,05/24/21-132654,97.70422554016113,6,0.08987253904342651,0.22448979318141937,0.0,0.0,0.09005634486675262,0.07775045931339264,0.0,0.0,relu,64,0.07,0.9,50
102,05/24/21-133145,05/24/21-133320,94.95763516426086,6,0.08992757648229599,0.040816325694322586,0.0,0.0,0.09013095498085022,0.07767362892627716,0.0,0.0,relu,64,0.1,0.6,50
83,05/24/21-130214,05/24/21-130344,90.05075812339783,6,0.08994489163160324,0.12244898080825806,0.0,0.0,0.09043160825967789,0.07713583111763,0.0,0.0,relu,64,0.01,0.9,50
81,05/24/21-125903,05/24/21-130042,99.03434300422668,6,0.08987642079591751,0.16326530277729034,0.0,0.0,0.09020227938890457,0.07686693221330643,0.0,0.0,relu,64,0.01,0.3,50
87,05/24/21-130815,05/24/21-130943,88.27810382843018,6,0.09027788788080215,0.020408162847161293,0.0,0.0,0.09013645350933075,0.0756760910153389,0.0,0.0,relu,64,0.03,0.6,50
63,05/24/21-121250,05/24/21-121447,116.44642853736877,6,0.09003890305757523,0.16326530277729034,0.0,0.0,0.09033974260091782,0.07552243024110794,0.0,0.0,relu,32,0.1,0.9,50
44,05/24/21-113131,05/24/21-113318,107.34211754798889,6,0.09030996263027191,0.040816325694322586,0.0,0.0,0.09013666957616806,0.07544560730457306,0.0,0.0,relu,32,0.01,0.95,50
42,05/24/21-112722,05/24/21-112920,118.00810194015503,6,0.08998117595911026,0.16326530277729034,0.0,0.0,0.09000033140182495,0.07506146281957626,0.0,0.0,relu,32,0.01,0.6,50
41,05/24/21-112516,05/24/21-112721,125.41941046714783,6,0.09011210501194,0.10204081982374191,0.0,0.0,0.09033437818288803,0.07444683462381363,0.0,0.0,relu,32,0.01,0.3,50
84,05/24/21-130346,05/24/21-130518,92.12330055236816,6,0.08983975648880005,0.06122449040412903,0.0,0.0,0.09003664553165436,0.07421635091304779,0.0,0.0,relu,64,0.01,0.95,50
19,05/24/21-100423,05/24/21-100718,175.6250650882721,7,0.08981895446777344,0.1428571492433548,0.0,0.0,0.0899292528629303,0.07283343374729156,0.0,0.0,relu,16,0.07,0.95,50
39,05/24/21-112026,05/24/21-112332,186.3428807258606,6,0.0906667709350586,0.1428571492433548,0.0,0.0,0.09024377912282944,0.07279501855373383,0.0,0.0,relu,16,0.7,0.95,50
16,05/24/21-095535,05/24/21-095816,160.9602620601654,6,0.08969808369874954,0.10204081982374191,0.0,0.0,0.0899399071931839,0.07271819561719894,0.0,0.0,relu,16,0.07,0.3,50
80,05/24/21-125736,05/24/21-125901,85.4733533859253,6,0.08999034017324448,0.10204081982374191,0.0,0.0,0.09002747386693954,0.07260295003652573,0.0,0.0,relu,64,0.01,0.0,50
15,05/24/21-095236,05/24/21-095534,177.5534725189209,6,0.08990056067705154,0.12244898080825806,0.0,0.0,0.09011440724134445,0.07145052403211594,0.0,0.0,relu,16,0.07,0.0,50
88,05/24/21-130945,05/24/21-131124,99.21171140670776,6,0.09013277292251587,0.1428571492433548,0.0,0.0,0.09049437940120697,0.06780117005109787,0.0,0.0,relu,64,0.03,0.9,50
54,05/24/21-115140,05/24/21-115331,110.72698712348938,6,0.08988470584154129,0.12244898080825806,0.0,0.0,0.08992809802293777,0.06741702556610107,0.0,0.0,relu,32,0.05,0.95,50
55,05/24/21-115333,05/24/21-115541,128.18276834487915,6,0.09015800803899765,0.10204081982374191,0.0,0.0,0.08997746556997299,0.06661032885313034,0.0,0.0,relu,32,0.07,0.0,50
89,05/24/21-131126,05/24/21-131247,80.60752964019775,6,0.09001465886831284,0.1428571492433548,0.0,0.0,0.0905466228723526,0.06591887027025223,0.0,0.0,relu,64,0.03,0.95,50
107,05/24/21-133959,05/24/21-134122,82.15809559822083,6,0.08998582512140274,0.1428571492433548,0.0,0.0,0.09010650962591171,0.06572679430246353,0.0,0.0,relu,64,0.3,0.6,50
10,05/24/21-093154,05/24/21-093436,162.1105797290802,6,0.08939135819673538,0.1428571492433548,0.0,0.0,0.09007574617862701,0.06503534317016602,0.0,0.0,relu,16,0.05,0.0,50
17,05/24/21-095818,05/24/21-100113,174.58116745948792,6,0.08987416326999664,0.1428571492433548,0.0,0.0,0.09016603976488113,0.06442071497440338,0.0,0.0,relu,16,0.07,0.6,50
8,05/24/21-092437,05/24/21-092721,164.48152947425842,6,0.08986455202102661,0.1428571492433548,0.0,0.0,0.09013979882001877,0.06426705420017242,0.0,0.0,relu,16,0.03,0.9,50
82,05/24/21-130044,05/24/21-130212,88.50056457519531,6,0.09130913764238358,0.06122449040412903,0.0,0.0,0.09057135134935379,0.0628841444849968,0.0,0.0,relu,64,0.01,0.6,50
