,start,end,duration,round_epochs,loss,accuracy,recall,precision,val_loss,val_accuracy,val_recall,val_precision,act_fn,batch_size,client_lr,client_momentum,epochs
29,06/15/21-014913,06/15/21-014952,38.76344108581543,30,0.0015174284344539046,0.9921982288360596,0.9917393326759338,0.9926504492759705,0.004424956161528826,0.9794238805770874,0.9794238805770874,0.9794238805770874,relu,16,0.1,0.95,30
78,06/15/21-020724,06/15/21-020749,25.288257122039795,29,0.0013069487176835537,0.9926571846008301,0.9921982288360596,0.9940229654312134,0.004553844220936298,0.9753086566925049,0.9753086566925049,0.9753086566925049,relu,32,0.5,0.9,30
74,06/15/21-020555,06/15/21-020617,21.336474180221558,25,0.001008158433251083,0.9944928884506226,0.9944928884506226,0.9954065084457397,0.004873968660831451,0.9711934328079224,0.9711934328079224,0.9711934328079224,relu,32,0.3,0.95,30
38,06/15/21-015418,06/15/21-015441,22.617247819900513,18,0.0023117053788155317,0.9862322211265564,0.9853143692016602,0.9875804781913757,0.005698651075363159,0.9711934328079224,0.9629629850387573,0.9709543585777283,relu,16,0.5,0.9,30
79,06/15/21-020749,06/15/21-020812,22.290924787521362,28,0.006473167333751917,0.9600734114646912,0.957778811454773,0.9617511630058289,0.005461068823933601,0.9670782089233398,0.9670782089233398,0.9670782089233398,relu,32,0.5,0.95,30
24,06/15/21-014627,06/15/21-014706,39.35280156135559,30,0.0012399188708513975,0.9935750365257263,0.9935750365257263,0.9944878220558167,0.005371088162064552,0.9670782089233398,0.9670782089233398,0.9710744023323059,relu,16,0.09,0.95,30
13,06/15/21-014003,06/15/21-014040,37.75921821594238,30,0.005298559553921223,0.9664983749389648,0.9591555595397949,0.9743589758872986,0.006196905393153429,0.9629629850387573,0.9629629850387573,0.9790794849395752,relu,16,0.05,0.9,30
37,06/15/21-015350,06/15/21-015418,28.048160791397095,24,0.0025473295245319605,0.9871500730514526,0.9853143692016602,0.9880349636077881,0.006235870998352766,0.9629629850387573,0.9547325372695923,0.9666666388511658,relu,16,0.5,0.6,30
36,06/15/21-015315,06/15/21-015350,34.74578785896301,30,0.0030417824164032936,0.9839375615119934,0.9816429615020752,0.9861687421798706,0.005547352135181427,0.9629629850387573,0.9629629850387573,0.9669421315193176,relu,16,0.5,0.3,30
32,06/15/21-015109,06/15/21-015147,38.60015892982483,30,0.0028313978109508753,0.9843965172767639,0.9825608134269714,0.9861814975738525,0.0077186948619782925,0.9629629850387573,0.9588477611541748,0.9668049812316895,relu,16,0.3,0.6,30
33,06/15/21-015148,06/15/21-015216,28.29248046875,20,0.001911622821353376,0.9889857769012451,0.9880679249763489,0.9907961487770081,0.006173860281705856,0.9629629850387573,0.9629629850387573,0.9709543585777283,relu,16,0.3,0.9,30
31,06/15/21-015030,06/15/21-015108,38.57944464683533,30,0.005646210629492998,0.9655805230140686,0.95548415184021,0.9706293940544128,0.008258203975856304,0.9588477611541748,0.9506173133850098,0.9624999761581421,relu,16,0.3,0.3,30
14,06/15/21-014041,06/15/21-014118,37.45170783996582,30,0.002514272229745984,0.9866911172866821,0.9853143692016602,0.9903136491775513,0.00603501359000802,0.9588477611541748,0.9588477611541748,0.9668049812316895,relu,16,0.05,0.95,30
23,06/15/21-014557,06/15/21-014626,29.754886388778687,24,0.003964209463447332,0.9775125980377197,0.973382294178009,0.9787725210189819,0.006559388712048531,0.9547325372695923,0.9506173133850098,0.9624999761581421,relu,16,0.09,0.9,30
19,06/15/21-014344,06/15/21-014416,32.12596416473389,23,0.002714022994041443,0.9857732653617859,0.9839375615119934,0.9866544008255005,0.007637075148522854,0.9547325372695923,0.9506173133850098,0.9585062265396118,relu,16,0.07,0.95,30
59,06/15/21-020014,06/15/21-020034,20.595966339111328,30,0.004320396110415459,0.974759042263031,0.9706287384033203,0.97826087474823,0.007193420547991991,0.9547325372695923,0.9423868060112,0.9581589698791504,relu,32,0.07,0.95,30
34,06/15/21-015217,06/15/21-015239,22.936256647109985,17,0.0033294889144599438,0.9798072576522827,0.9788894057273865,0.9829493165016174,0.0069972011260688305,0.9547325372695923,0.9506173133850098,0.9545454382896423,relu,16,0.3,0.95,30
64,06/15/21-020208,06/15/21-020232,23.804507732391357,30,0.0038746229838579893,0.977053701877594,0.9743001461029053,0.9792435169219971,0.006595666985958815,0.9547325372695923,0.9506173133850098,0.9665272235870361,relu,32,0.09,0.95,30
63,06/15/21-020144,06/15/21-020208,24.18753933906555,30,0.005460259970277548,0.9692519307136536,0.9591555595397949,0.9729981422424316,0.008515927009284496,0.9506173133850098,0.9423868060112,0.9581589698791504,relu,32,0.09,0.9,30
9,06/15/21-013735,06/15/21-013809,34.7859992980957,30,0.004711698275059462,0.9724644422531128,0.9678751826286316,0.976841151714325,0.006666991394013166,0.9506173133850098,0.9465020298957825,0.954356849193573,relu,16,0.03,0.95,30
76,06/15/21-020633,06/15/21-020659,25.826568126678467,30,0.007581349462270737,0.95548415184021,0.9316200017929077,0.973621129989624,0.00764959491789341,0.9506173133850098,0.9423868060112,0.9662446975708008,relu,32,0.5,0.3,30
73,06/15/21-020538,06/15/21-020555,16.88425636291504,22,0.0038989614695310593,0.9765947461128235,0.9729233384132385,0.9805735349655151,0.0066588399931788445,0.9506173133850098,0.9506173133850098,0.9545454382896423,relu,32,0.3,0.9,30
18,06/15/21-014307,06/15/21-014344,37.43165397644043,30,0.003828412387520075,0.9775125980377197,0.973382294178009,0.9819444417953491,0.0072739883325994015,0.9506173133850098,0.9506173133850098,0.9545454382896423,relu,16,0.07,0.9,30
54,06/15/21-015842,06/15/21-015903,21.5163254737854,30,0.005193289369344711,0.9697108864784241,0.9646626710891724,0.9763121008872986,0.0077597335912287235,0.9506173133850098,0.9423868060112,0.9581589698791504,relu,32,0.05,0.95,30
28,06/15/21-014844,06/15/21-014913,29.25666832923889,22,0.004542117472738028,0.9743001461029053,0.9701697826385498,0.977798342704773,0.00893419049680233,0.9423868060112,0.9423868060112,0.9502074718475342,relu,16,0.1,0.9,30
35,06/15/21-015240,06/15/21-015314,34.59248161315918,30,0.005715357605367899,0.9628269672393799,0.9568609595298767,0.9711225032806396,0.008486547507345676,0.9382715821266174,0.9382715821266174,0.942148745059967,relu,16,0.5,0.0,30
68,06/15/21-020343,06/15/21-020408,24.483255863189697,30,0.006149654276669025,0.9632859230041504,0.9559431076049805,0.9710955619812012,0.00828385166823864,0.9382715821266174,0.9300411343574524,0.9456067085266113,relu,32,0.1,0.9,30
58,06/15/21-015952,06/15/21-020013,21.34642744064331,30,0.007888833992183208,0.9486002922058105,0.9362092614173889,0.9663666486740112,0.010456311516463757,0.9341563582420349,0.9135802388191223,0.9487179517745972,relu,32,0.07,0.9,30
53,06/15/21-015820,06/15/21-015842,21.549588680267334,30,0.010052579455077648,0.9357503652572632,0.9146397709846497,0.9628019332885742,0.010023835115134716,0.9300411343574524,0.9135802388191223,0.9487179517745972,relu,32,0.05,0.9,30
27,06/15/21-014807,06/15/21-014843,36.54552459716797,30,0.00881248153746128,0.94814133644104,0.9339146614074707,0.9630856513977051,0.009379910305142403,0.9300411343574524,0.9259259104728699,0.9533898234367371,relu,16,0.1,0.6,30
77,06/15/21-020659,06/15/21-020723,24.035792589187622,30,0.004960475489497185,0.9701697826385498,0.9678751826286316,0.9804741740226746,0.01080777496099472,0.9300411343574524,0.9218106865882874,0.9372385144233704,relu,32,0.5,0.6,30
69,06/15/21-020408,06/15/21-020427,18.40477681159973,22,0.007161763496696949,0.95548415184021,0.9458467364311218,0.9680601358413696,0.010795908980071545,0.9259259104728699,0.9218106865882874,0.9372385144233704,relu,32,0.1,0.95,30
72,06/15/21-020514,06/15/21-020538,24.068697690963745,30,0.008320406079292297,0.9472234845161438,0.9417163729667664,0.9633802771568298,0.013862576335668564,0.9218106865882874,0.9053497910499573,0.9322034120559692,relu,32,0.3,0.6,30
71,06/15/21-020450,06/15/21-020513,23.083942413330078,30,0.01092789601534605,0.9316200017929077,0.9109683632850647,0.9557053446769714,0.011305198073387146,0.9218106865882874,0.9012345671653748,0.948051929473877,relu,32,0.3,0.3,30
30,06/15/21-014953,06/15/21-015029,36.668375730514526,30,0.008610066026449203,0.9458467364311218,0.9375860691070557,0.9641340374946594,0.011714125983417034,0.9176954627037048,0.9094650149345398,0.9208333492279053,relu,16,0.3,0.0,30
4,06/15/21-013530,06/15/21-013603,32.30078482627869,30,0.011463004164397717,0.9256539940834045,0.905920147895813,0.9540840983390808,0.013302854262292385,0.9094650149345398,0.9094650149345398,0.9246861934661865,relu,16,0.01,0.95,30
49,06/15/21-015716,06/15/21-015737,20.506614923477173,28,0.011752059683203697,0.9279485940933228,0.9155576229095459,0.9522672891616821,0.01454420667141676,0.9053497910499573,0.9012345671653748,0.9319148659706116,relu,32,0.03,0.95,30
22,06/15/21-014521,06/15/21-014556,34.839394092559814,28,0.01202375441789627,0.9270307421684265,0.9123451113700867,0.9543927311897278,0.014592689462006092,0.9053497910499573,0.9012345671653748,0.9279661178588867,relu,16,0.09,0.6,30
8,06/15/21-013701,06/15/21-013734,32.88828778266907,29,0.011730353347957134,0.927489697933197,0.909591555595398,0.9501438140869141,0.015545804053544998,0.8971193432807922,0.8847736716270447,0.914893627166748,relu,16,0.03,0.9,30
17,06/15/21-014229,06/15/21-014306,36.890007734298706,30,0.015324675478041172,0.8981183767318726,0.8737953305244446,0.9458519816398621,0.015197542496025562,0.8888888955116272,0.8641975522041321,0.9333333373069763,relu,16,0.07,0.6,30
48,06/15/21-015656,06/15/21-015716,20.10948157310486,30,0.015362272970378399,0.9008719325065613,0.8861863017082214,0.9378339052200317,0.016552435234189034,0.8847736716270447,0.8641975522041321,0.9170305728912354,relu,32,0.03,0.9,30
62,06/15/21-020120,06/15/21-020143,23.080836057662964,28,0.017979329451918602,0.8866452574729919,0.8467186689376831,0.938453733921051,0.017628539353609085,0.8806584477424622,0.8600823283195496,0.9126637578010559,relu,32,0.09,0.6,30
70,06/15/21-020427,06/15/21-020450,22.62198042869568,30,0.016066471114754677,0.9031665921211243,0.8788434863090515,0.9332358837127686,0.017984561622142792,0.8724279999732971,0.8641975522041321,0.8974359035491943,relu,32,0.3,0.0,30
12,06/15/21-013924,06/15/21-014002,38.34392714500427,30,0.01551343034952879,0.905920147895813,0.8811381459236145,0.9375,0.017723752185702324,0.8724279999732971,0.8683127760887146,0.917391300201416,relu,16,0.05,0.6,30
57,06/15/21-015925,06/15/21-015951,25.867036819458008,30,0.01933758705854416,0.8825148940086365,0.8458008170127869,0.9210394620895386,0.019942626357078552,0.8683127760887146,0.8518518805503845,0.9118942618370056,relu,32,0.07,0.6,30
21,06/15/21-014447,06/15/21-014521,34.21875333786011,26,0.01658610813319683,0.8994951844215393,0.8774667382240295,0.9340498447418213,0.01812734641134739,0.8683127760887146,0.8641975522041321,0.9012875556945801,relu,16,0.09,0.3,30
25,06/15/21-014706,06/15/21-014738,31.574384450912476,25,0.021923337131738663,0.8650757074356079,0.837081253528595,0.9061102867126465,0.021290883421897888,0.8683127760887146,0.8683127760887146,0.8978723287582397,relu,16,0.1,0.0,30
67,06/15/21-020321,06/15/21-020343,22.363025903701782,25,0.018626539036631584,0.8861863017082214,0.8609454035758972,0.9178082346916199,0.019484343007206917,0.8600823283195496,0.8518518805503845,0.8884119987487793,relu,32,0.1,0.6,30
75,06/15/21-020617,06/15/21-020632,15.29004168510437,17,0.017112374305725098,0.8871041536331177,0.860027551651001,0.926347017288208,0.018792906776070595,0.8600823283195496,0.8436213731765747,0.9151785969734192,relu,32,0.5,0.0,30
16,06/15/21-014155,06/15/21-014229,33.6752667427063,27,0.020310087129473686,0.8650757074356079,0.8306562900543213,0.9187816977500916,0.021476875990629196,0.8600823283195496,0.8189300298690796,0.9255813956260681,relu,16,0.07,0.3,30
7,06/15/21-013632,06/15/21-013701,29.189998149871826,27,0.022538309916853905,0.8513079285621643,0.8159705996513367,0.9127309918403625,0.022215887904167175,0.8600823283195496,0.8477365970611572,0.9115044474601746,relu,16,0.03,0.6,30
15,06/15/21-014119,06/15/21-014155,36.10122752189636,29,0.022401003167033195,0.8554382920265198,0.8155117034912109,0.9038656949996948,0.022983146831393242,0.8600823283195496,0.8312757015228271,0.8898678421974182,relu,16,0.07,0.0,30
20,06/15/21-014417,06/15/21-014447,29.719745635986328,24,0.021154003217816353,0.8669114112854004,0.8269848823547363,0.9137930870056152,0.021419627591967583,0.855967104434967,0.8395061492919922,0.9147982001304626,relu,16,0.09,0.0,30
66,06/15/21-020257,06/15/21-020321,24.080075979232788,26,0.02468331716954708,0.8421294093132019,0.8187242150306702,0.8875622153282166,0.02342773601412773,0.855967104434967,0.8395061492919922,0.8947368264198303,relu,32,0.1,0.3,30
61,06/15/21-020058,06/15/21-020120,21.940558195114136,28,0.022785000503063202,0.8476365208625793,0.8086277842521667,0.9063786268234253,0.022335514426231384,0.8518518805503845,0.8312757015228271,0.8898678421974182,relu,32,0.09,0.3,30
65,06/15/21-020233,06/15/21-020257,23.85068917274475,30,0.02538708597421646,0.8389169573783875,0.8113813400268555,0.8915784358978271,0.024088792502880096,0.8518518805503845,0.8353909254074097,0.890350878238678,relu,32,0.1,0.0,30
26,06/15/21-014738,06/15/21-014806,27.994304418563843,19,0.019560283049941063,0.8742542266845703,0.837081253528595,0.9221435785293579,0.021359650418162346,0.8518518805503845,0.8436213731765747,0.8951964974403381,relu,16,0.1,0.3,30
43,06/15/21-015539,06/15/21-015600,21.194864988327026,29,0.025744399055838585,0.8379991054534912,0.808168888092041,0.8867069482803345,0.024611815810203552,0.8477365970611572,0.8312757015228271,0.8744588494300842,relu,32,0.01,0.9,30
3,06/15/21-013504,06/15/21-013530,25.526893854141235,23,0.022075828164815903,0.857732892036438,0.8251491785049438,0.9053373336791992,0.02231922373175621,0.8477365970611572,0.8353909254074097,0.9144144058227539,relu,16,0.01,0.9,30
52,06/15/21-015758,06/15/21-015820,21.722650289535522,29,0.02457478828728199,0.8467186689376831,0.8237723708152771,0.8855451345443726,0.025470731779932976,0.8436213731765747,0.8312757015228271,0.8744588494300842,relu,32,0.05,0.6,30
44,06/15/21-015600,06/15/21-015621,21.161092281341553,30,0.02105414681136608,0.8687471151351929,0.834786593914032,0.9076846241950989,0.022249652072787285,0.8436213731765747,0.8312757015228271,0.8782608509063721,relu,32,0.01,0.95,30
10,06/15/21-013810,06/15/21-013847,37.44726037979126,30,0.024916432797908783,0.8448829650878906,0.8155117034912109,0.8938632011413574,0.023971157148480415,0.8436213731765747,0.8271604776382446,0.8854625821113586,relu,16,0.05,0.0,30
11,06/15/21-013848,06/15/21-013923,35.97514510154724,29,0.023294754326343536,0.8485543727874756,0.8279027342796326,0.893069326877594,0.024027345702052116,0.8436213731765747,0.8312757015228271,0.8669527769088745,relu,16,0.05,0.3,30
60,06/15/21-020034,06/15/21-020057,22.970016717910767,30,0.02784019149839878,0.8233134746551514,0.78889399766922,0.8743641972541809,0.0261113028973341,0.8353909254074097,0.8148148059844971,0.8878923654556274,relu,32,0.09,0.0,30
6,06/15/21-013617,06/15/21-013632,14.133116245269775,11,0.07105955481529236,0.4144102931022644,0.11335474997758865,0.728613555431366,0.06887424737215042,0.43209877610206604,0.12345679104328156,0.7894737124443054,relu,16,0.03,0.3,30
56,06/15/21-015916,06/15/21-015925,9.47322964668274,11,0.06915684044361115,0.4139513671398163,0.1991739273071289,0.7749999761581421,0.06679006665945053,0.4279835522174835,0.25514402985572815,0.8493150472640991,relu,32,0.07,0.3,30
0,06/15/21-013412,06/15/21-013431,18.69859290122986,13,0.08662004768848419,0.41303351521492004,0.0,0.0,0.08631914108991623,0.4238682985305786,0.0,0.0,relu,16,0.01,0.0,30
55,06/15/21-015904,06/15/21-015915,11.499858617782593,12,0.07236863672733307,0.41303351521492004,0.09775125980377197,0.7421602606773376,0.07047303766012192,0.4238682985305786,0.1358024626970291,0.8048780560493469,relu,32,0.07,0.0,30
51,06/15/21-015748,06/15/21-015758,10.006987571716309,11,0.07321195304393768,0.41303351521492004,0.08031207323074341,0.6679389476776123,0.07136588543653488,0.4238682985305786,0.06172839552164078,0.7894737124443054,relu,32,0.05,0.3,30
50,06/15/21-015737,06/15/21-015747,10.296509265899658,12,0.07470887154340744,0.41303351521492004,0.053694356232881546,0.5625,0.07288233190774918,0.4238682985305786,0.07818929851055145,0.7307692170143127,relu,32,0.05,0.0,30
47,06/15/21-015644,06/15/21-015655,10.893777132034302,11,0.07138585299253464,0.41303351521492004,0.12299219518899918,0.7302452325820923,0.06953972578048706,0.4238682985305786,0.13991770148277283,0.7906976938247681,relu,32,0.03,0.6,30
46,06/15/21-015633,06/15/21-015644,11.04951024055481,13,0.0742994025349617,0.41303351521492004,0.047728314995765686,0.5360824465751648,0.07247906178236008,0.4238682985305786,0.0658436194062233,0.6153846383094788,relu,32,0.03,0.3,30
45,06/15/21-015622,06/15/21-015633,10.969621896743774,13,0.08094429969787598,0.41303351521492004,0.0,0.0,0.07960852235555649,0.4238682985305786,0.0,0.0,relu,32,0.03,0.0,30
42,06/15/21-015527,06/15/21-015538,11.567322015762329,11,0.08277029544115067,0.41303351521492004,0.0,0.0,0.08149167150259018,0.4238682985305786,0.0,0.0,relu,32,0.01,0.6,30
41,06/15/21-015516,06/15/21-015526,10.803926944732666,13,0.08704479783773422,0.41303351521492004,0.0,0.0,0.08670563995838165,0.4238682985305786,0.0,0.0,relu,32,0.01,0.3,30
1,06/15/21-013431,06/15/21-013447,15.687718152999878,13,0.08353273570537567,0.41303351521492004,0.0,0.0,0.08250807970762253,0.4238682985305786,0.0,0.0,relu,16,0.01,0.3,30
5,06/15/21-013603,06/15/21-013617,14.12952470779419,11,0.07557256519794464,0.41303351521492004,0.034419458359479904,0.5813953280448914,0.07427357882261276,0.4238682985305786,0.03292180970311165,0.7272727489471436,relu,16,0.03,0.0,30
2,06/15/21-013447,06/15/21-013504,16.632709980010986,11,0.07553113996982574,0.41303351521492004,0.029371270909905434,0.4923076927661896,0.07403969019651413,0.4238682985305786,0.02469135820865631,0.4615384638309479,relu,16,0.01,0.6,30
40,06/15/21-015502,06/15/21-015515,13.314512968063354,13,0.08759322017431259,0.41303351521492004,0.0,0.0,0.08733674883842468,0.4238682985305786,0.0,0.0,relu,32,0.01,0.0,30
39,06/15/21-015442,06/15/21-015502,20.010310173034668,16,0.18145941197872162,0.09270307421684265,0.09270307421684265,0.09270307421684265,0.1769547313451767,0.11522633582353592,0.11522633582353592,0.11522633582353592,relu,16,0.5,0.95,30
