,start,end,duration,round_epochs,loss,accuracy,recall,precision,val_loss,val_accuracy,val_recall,val_precision,act_fn,batch_size,client_lr,client_momentum,epochs
27,06/02/21-184249,06/02/21-185405,675.46457695961,46,0.03600946068763733,0.7406615018844604,0.6521309614181519,0.8397965431213379,0.04817967116832733,0.657800018787384,0.5993000268936157,0.7313888072967529,relu,16,0.3,0.6,50
113,06/02/21-234757,06/02/21-234919,82.04661583900452,42,0.036820799112319946,0.7365476489067078,0.6483462452888489,0.8381195664405823,0.04856851324439049,0.6503000259399414,0.5752999782562256,0.742322564125061,relu,64,0.5,0.9,50
23,06/02/21-180534,06/02/21-181626,652.2747929096222,43,0.036810483783483505,0.7337502241134644,0.6473588943481445,0.8325926065444946,0.04863779619336128,0.6496000289916992,0.5770999789237976,0.7352529168128967,relu,16,0.1,0.9,50
64,06/02/21-223231,06/02/21-223934,422.65889835357666,44,0.0378224141895771,0.7242060303688049,0.6355109214782715,0.8303590416908264,0.04946000501513481,0.6395999789237976,0.5523999929428101,0.737615168094635,relu,32,0.1,0.95,50
35,06/02/21-194219,06/02/21-195358,698.3799033164978,47,0.03575226292014122,0.7442817091941833,0.6585486531257629,0.8398740887641907,0.05008043348789215,0.6395000219345093,0.5623999834060669,0.7278374433517456,relu,16,0.7,0.0,50
63,06/02/21-222506,06/02/21-223229,442.5507037639618,48,0.039739735424518585,0.7108770608901978,0.6088530421257019,0.8203991055488586,0.04975595325231552,0.6331999897956848,0.5543000102043152,0.7259036302566528,relu,32,0.1,0.9,50
112,06/02/21-234618,06/02/21-234756,97.69753527641296,50,0.043288927525281906,0.6812571883201599,0.5645877718925476,0.8086259961128235,0.049674540758132935,0.6324999928474426,0.5370000004768372,0.7371311187744141,relu,64,0.5,0.6,50
31,06/02/21-191720,06/02/21-192830,670.3602011203766,46,0.03721681609749794,0.730952799320221,0.6455487608909607,0.8300888538360596,0.050933945924043655,0.6317999958992004,0.5631999969482422,0.7119200825691223,relu,16,0.5,0.3,50
13,06/02/21-163156,06/02/21-164327,691.3327939510345,50,0.039027318358421326,0.7182820439338684,0.6146124601364136,0.8333333134651184,0.05021737888455391,0.6315000057220459,0.5490999817848206,0.7252674698829651,relu,16,0.05,0.9,50
37,06/02/21-200351,06/02/21-201438,646.8911197185516,44,0.04002797231078148,0.713839054107666,0.62925785779953,0.8076029419898987,0.05110841989517212,0.6308000087738037,0.5498999953269958,0.7274771928787231,relu,16,0.7,0.6,50
36,06/02/21-195400,06/02/21-200349,589.2505722045898,39,0.03823625668883324,0.7212440371513367,0.6389666199684143,0.8252922296524048,0.05045944079756737,0.6284999847412109,0.5450000166893005,0.7334140539169312,relu,16,0.7,0.3,50
9,06/02/21-155542,06/02/21-160618,636.4899544715881,44,0.04061099886894226,0.7067632079124451,0.6024354100227356,0.8121117949485779,0.05121743679046631,0.6230999827384949,0.5454000234603882,0.7186717391014099,relu,16,0.03,0.95,50
19,06/02/21-172733,06/02/21-173557,503.7158193588257,35,0.04291955754160881,0.6927760243415833,0.5779167413711548,0.8051352500915527,0.05161288008093834,0.6212999820709229,0.5339000225067139,0.7266911864280701,relu,16,0.07,0.95,50
108,06/02/21-234102,06/02/21-234217,75.14124631881714,40,0.04392283409833908,0.672206699848175,0.5586637854576111,0.8035503029823303,0.05119377374649048,0.6201000213623047,0.527400016784668,0.7251477837562561,relu,64,0.3,0.9,50
26,06/02/21-183141,06/02/21-184247,665.7824749946594,45,0.04120054468512535,0.7047885656356812,0.5910811424255371,0.8171064853668213,0.051955174654722214,0.618399977684021,0.5356000065803528,0.7174815535545349,relu,16,0.3,0.3,50
18,06/02/21-171840,06/02/21-172731,531.5310897827148,37,0.04398508369922638,0.6782951951026917,0.5624485611915588,0.8031014800071716,0.05103619769215584,0.6183000206947327,0.5210000276565552,0.7362917065620422,relu,16,0.07,0.9,50
94,06/02/21-232613,06/02/21-232744,90.66602277755737,50,0.048859864473342896,0.636004626750946,0.4964620769023895,0.7807971239089966,0.051362019032239914,0.6122000217437744,0.4749999940395355,0.7552869915962219,relu,64,0.05,0.95,50
54,06/02/21-213028,06/02/21-213722,413.86759400367737,43,0.04245934262871742,0.6865229606628418,0.5817015171051025,0.8115243315696716,0.05231519788503647,0.6118000149726868,0.5034999847412109,0.7190802693367004,relu,32,0.05,0.95,50
70,06/02/21-225657,06/02/21-225938,161.12522411346436,50,0.04878167435526848,0.6330426335334778,0.49119630455970764,0.7826429009437561,0.051502130925655365,0.6114000082015991,0.48170000314712524,0.7499610781669617,relu,32,0.5,0.0,50
75,06/02/21-230653,06/02/21-230925,152.3950707912445,47,0.046190932393074036,0.6588777303695679,0.5239427089691162,0.7930261492729187,0.051760099828243256,0.61080002784729,0.5264999866485596,0.7111981511116028,relu,32,0.7,0.0,50
68,06/02/21-225313,06/02/21-225506,112.79208636283875,34,0.04390135034918785,0.6750041246414185,0.5716636776924133,0.8030512928962708,0.052912671118974686,0.6104000210762024,0.5038999915122986,0.7280739545822144,relu,32,0.3,0.9,50
109,06/02/21-234217,06/02/21-234330,72.2623131275177,38,0.044075991958379745,0.6761559844017029,0.5749547481536865,0.8022962212562561,0.05386176332831383,0.609499990940094,0.5123000144958496,0.7224650979042053,relu,64,0.3,0.95,50
72,06/02/21-230131,06/02/21-230343,131.88839268684387,40,0.044598840177059174,0.6695737838745117,0.5484614372253418,0.8070217967033386,0.05326257273554802,0.6086999773979187,0.5268999934196472,0.7026270031929016,relu,32,0.5,0.6,50
77,06/02/21-231146,06/02/21-231350,123.56312966346741,37,0.04260871931910515,0.6866875290870667,0.5775876045227051,0.8106235861778259,0.05383463203907013,0.6061999797821045,0.5152999758720398,0.6993756890296936,relu,32,0.7,0.6,50
104,06/02/21-233713,06/02/21-233835,81.4058780670166,43,0.046116892248392105,0.6545993089675903,0.5229554176330566,0.8019177317619324,0.051739051938056946,0.60589998960495,0.48489999771118164,0.7432556748390198,relu,64,0.1,0.95,50
59,06/02/21-220112,06/02/21-220730,377.74210715293884,39,0.044871680438518524,0.6675991415977478,0.5492841601371765,0.8016330599784851,0.05236736312508583,0.6029999852180481,0.46959999203681946,0.7465818524360657,relu,32,0.07,0.95,50
8,06/02/21-154515,06/02/21-155540,624.5532863140106,42,0.04921932891011238,0.6304097175598145,0.4893862009048462,0.7807823419570923,0.052565302699804306,0.6014999747276306,0.4749999940395355,0.737463116645813,relu,16,0.03,0.9,50
103,06/02/21-233536,06/02/21-233713,96.49406409263611,50,0.0497213751077652,0.6221820116043091,0.47918379306793213,0.7853290438652039,0.05274130776524544,0.6008999943733215,0.4724999964237213,0.7335817217826843,relu,64,0.1,0.9,50
76,06/02/21-230925,06/02/21-231146,140.3023693561554,43,0.04569743573665619,0.6621688604354858,0.536284327507019,0.7950719594955444,0.054655708372592926,0.5978999733924866,0.49459999799728394,0.7030561566352844,relu,32,0.7,0.3,50
116,06/02/21-235036,06/02/21-235213,96.78772306442261,49,0.050002485513687134,0.6216883063316345,0.4768800437450409,0.782608687877655,0.05418179929256439,0.5928000211715698,0.47760000824928284,0.7127294540405273,relu,64,0.7,0.3,50
99,06/02/21-233049,06/02/21-233222,93.120046377182,50,0.047821249812841415,0.6453842520713806,0.5096264481544495,0.7894468307495117,0.054076116532087326,0.5916000008583069,0.45089998841285706,0.7362834811210632,relu,64,0.07,0.95,50
73,06/02/21-230343,06/02/21-230550,126.52571272850037,39,0.04973984137177467,0.6323844194412231,0.503373384475708,0.7748227119445801,0.05572563037276268,0.5867999792098999,0.46309998631477356,0.72552090883255,relu,32,0.5,0.9,50
66,06/02/21-224700,06/02/21-225055,235.1994915008545,50,0.05162607505917549,0.6098403930664062,0.4591081142425537,0.7726391553878784,0.05430455878376961,0.5857999920845032,0.43230000138282776,0.7401130199432373,relu,32,0.3,0.3,50
67,06/02/21-225056,06/02/21-225313,137.61633276939392,42,0.048718612641096115,0.6392956972122192,0.4962975084781647,0.7845993638038635,0.05515970289707184,0.5841000080108643,0.47189998626708984,0.7096240520477295,relu,32,0.3,0.6,50
118,06/02/21-235330,06/02/21-235430,59.6583833694458,30,0.049235787242650986,0.6381438374519348,0.5012341737747192,0.7796263098716736,0.05546370893716812,0.5828999876976013,0.44040000438690186,0.7301061153411865,relu,64,0.7,0.9,50
117,06/02/21-235213,06/02/21-235330,76.28937125205994,39,0.05070231854915619,0.6228402256965637,0.4763863682746887,0.7701516151428223,0.05609910190105438,0.5796999931335449,0.46959999203681946,0.6924211382865906,relu,64,0.7,0.6,50
17,06/02/21-170659,06/02/21-171838,698.2097599506378,49,0.05274296551942825,0.6024354100227356,0.44034886360168457,0.7563595175743103,0.05505762994289398,0.5795999765396118,0.4564000070095062,0.7113466262817383,relu,16,0.07,0.6,50
14,06/02/21-164330,06/02/21-165152,501.56134033203125,33,0.04661085829138756,0.6537765264511108,0.5313476920127869,0.795124351978302,0.05526762083172798,0.5788000226020813,0.4584999978542328,0.7218198776245117,relu,16,0.05,0.95,50
53,06/02/21-212409,06/02/21-213027,378.12645649909973,40,0.054273270070552826,0.5838407278060913,0.41550105810165405,0.7578031420707703,0.05538515746593475,0.5759000182151794,0.4361000061035156,0.7234572172164917,relu,32,0.05,0.9,50
58,06/02/21-215508,06/02/21-220110,361.52260994911194,38,0.05279389023780823,0.6012835502624512,0.44001975655555725,0.7607396841049194,0.05736325681209564,0.5706999897956848,0.46480000019073486,0.6821250319480896,relu,32,0.07,0.9,50
71,06/02/21-225938,06/02/21-230131,112.33107686042786,34,0.05382911488413811,0.5854862332344055,0.4253743588924408,0.7505807280540466,0.056215155869722366,0.5669000148773193,0.4253000020980835,0.710016667842865,relu,32,0.5,0.3,50
4,06/02/21-150846,06/02/21-152123,756.1204690933228,50,0.05296448618173599,0.6022708415985107,0.43639954924583435,0.7568492889404297,0.05697035416960716,0.564300000667572,0.42730000615119934,0.6991164684295654,relu,16,0.01,0.95,50
49,06/02/21-210059,06/02/21-210658,359.1143796443939,35,0.05501146242022514,0.5858153700828552,0.41550105810165405,0.7530569434165955,0.05640273541212082,0.5630000233650208,0.3862000107765198,0.7535609602928162,relu,32,0.03,0.95,50
89,06/02/21-232152,06/02/21-232326,94.03948998451233,50,0.05611438304185867,0.5687016844749451,0.38621029257774353,0.7507997155189514,0.05727144330739975,0.5612000226974487,0.42250001430511475,0.7055778503417969,relu,64,0.03,0.95,50
111,06/02/21-234439,06/02/21-234618,98.6123878955841,50,0.055624958127737045,0.5803850293159485,0.40826064348220825,0.7559415102005005,0.05786123126745224,0.5579000115394592,0.36959999799728394,0.7285629510879517,relu,64,0.5,0.3,50
32,06/02/21-192833,06/02/21-193435,362.33173656463623,23,0.052544254809617996,0.6006253361701965,0.44808292388916016,0.7764471173286438,0.058880165219306946,0.5577999949455261,0.45660001039505005,0.6751441955566406,relu,16,0.5,0.6,50
22,06/02/21-175523,06/02/21-180532,608.4001877307892,41,0.05292899161577225,0.601777195930481,0.4387032985687256,0.7593278288841248,0.05831142142415047,0.5576000213623047,0.44110000133514404,0.6840881109237671,relu,16,0.1,0.6,50
21,06/02/21-174332,06/02/21-175521,709.669650554657,50,0.05651125684380531,0.565575122833252,0.38571664690971375,0.7455470561981201,0.057729966938495636,0.5544999837875366,0.4108999967575073,0.697623074054718,relu,16,0.1,0.3,50
24,06/02/21-181628,06/02/21-182404,456.3728632926941,30,0.05283522233366966,0.6049037575721741,0.4563106894493103,0.7555858492851257,0.057958781719207764,0.5537999868392944,0.4059000015258789,0.7175180912017822,relu,16,0.1,0.95,50
107,06/02/21-233948,06/02/21-234102,73.61598443984985,39,0.05867358297109604,0.5451703071594238,0.3689320385456085,0.734359622001648,0.058436840772628784,0.5515000224113464,0.39320001006126404,0.7011412382125854,relu,64,0.3,0.6,50
30,06/02/21-191036,06/02/21-191719,403.2748782634735,26,0.056727442890405655,0.5632713437080383,0.40069112181663513,0.7473910450935364,0.06027711182832718,0.5357999801635742,0.3675000071525574,0.7046979665756226,relu,16,0.5,0.0,50
28,06/02/21-185406,06/02/21-190344,578.3890116214752,40,0.05395793169736862,0.6002961993217468,0.4638802111148834,0.7569817304611206,0.06513287872076035,0.5198000073432922,0.3878999948501587,0.6676419973373413,relu,16,0.3,0.9,50
25,06/02/21-182407,06/02/21-183139,452.28412890434265,29,0.0597873255610466,0.5324996113777161,0.34342601895332336,0.7315106987953186,0.062021415680646896,0.5188999772071838,0.3874000012874603,0.6473930478096008,relu,16,0.3,0.0,50
12,06/02/21-162126,06/02/21-163154,627.8035295009613,44,0.062464289367198944,0.5127530097961426,0.30837583541870117,0.7229938507080078,0.06311172246932983,0.5098999738693237,0.31630000472068787,0.6864149570465088,relu,16,0.05,0.6,50
62,06/02/21-221823,06/02/21-222504,401.0481836795807,42,0.0636463314294815,0.4977785050868988,0.290603905916214,0.7041467428207397,0.06288555264472961,0.5080000162124634,0.303600013256073,0.6993780136108398,relu,32,0.1,0.6,50
98,06/02/21-232939,06/02/21-233048,69.12789225578308,36,0.0614246167242527,0.5185124278068542,0.32219845056533813,0.7289649844169617,0.062399644404649734,0.5065000057220459,0.34769999980926514,0.6813638806343079,relu,64,0.07,0.9,50
114,06/02/21-234919,06/02/21-235011,52.43938970565796,26,0.06167549267411232,0.5181832909584045,0.34951457381248474,0.7153924107551575,0.06340672075748444,0.5042999982833862,0.31139999628067017,0.694624125957489,relu,64,0.5,0.95,50
65,06/02/21-223936,06/02/21-224657,440.6368489265442,50,0.05961103364825249,0.536284327507019,0.3488563299179077,0.7328033447265625,0.0639657974243164,0.5024999976158142,0.3628999888896942,0.6435537934303284,relu,32,0.3,0.0,50
48,06/02/21-205438,06/02/21-210057,378.41119718551636,37,0.06333963572978973,0.5013987421989441,0.29389500617980957,0.7115538120269775,0.06382088363170624,0.49950000643730164,0.34139999747276306,0.6586918830871582,relu,32,0.03,0.9,50
57,06/02/21-214714,06/02/21-215506,472.09589195251465,50,0.06428208202123642,0.49514561891555786,0.278426855802536,0.7088395357131958,0.06330776959657669,0.49880000948905945,0.33640000224113464,0.6625960469245911,relu,32,0.07,0.6,50
69,06/02/21-225507,06/02/21-225656,109.69561862945557,33,0.05965413525700569,0.544676661491394,0.3914760649204254,0.7231003046035767,0.06635599583387375,0.48980000615119934,0.34060001373291016,0.6541194319725037,relu,32,0.3,0.95,50
110,06/02/21-234330,06/02/21-234439,68.90377521514893,35,0.06652358174324036,0.467171311378479,0.25045251846313477,0.688687801361084,0.0643426701426506,0.48559999465942383,0.28459998965263367,0.679074227809906,relu,64,0.5,0.0,50
3,06/02/21-145742,06/02/21-150844,662.0961797237396,44,0.0646175965666771,0.48790520429611206,0.2744775414466858,0.707679271697998,0.06618978828191757,0.48089998960494995,0.334199994802475,0.6206128001213074,relu,16,0.01,0.9,50
61,06/02/21-221124,06/02/21-221821,416.9572241306305,45,0.06856964528560638,0.4470956027507782,0.21260491013526917,0.6890666484832764,0.06685268133878708,0.46389999985694885,0.26350000500679016,0.6620603203773499,relu,32,0.1,0.3,50
7,06/02/21-153347,06/02/21-154513,685.4002184867859,44,0.06762096285820007,0.47029784321784973,0.2285667210817337,0.6749271154403687,0.06786487251520157,0.4578999876976013,0.29840001463890076,0.615257740020752,relu,16,0.03,0.6,50
16,06/02/21-165808,06/02/21-170658,529.661342382431,37,0.06797529757022858,0.4582853317260742,0.22955405712127686,0.6775133609771729,0.06791174411773682,0.45489999651908875,0.26429998874664307,0.6411935687065125,relu,16,0.07,0.3,50
78,06/02/21-231350,06/02/21-231446,56.39128494262695,17,0.0677519217133522,0.4615764319896698,0.26575613021850586,0.666804313659668,0.06763642281293869,0.4546999931335449,0.22939999401569366,0.6815211176872253,relu,32,0.7,0.9,50
11,06/02/21-161146,06/02/21-162124,578.2599868774414,41,0.06975136697292328,0.4398551881313324,0.20009873807430267,0.6471527218818665,0.06735167652368546,0.4542999863624573,0.27889999747276306,0.6307100653648376,relu,16,0.05,0.3,50
20,06/02/21-173558,06/02/21-174330,452.0823793411255,31,0.07150478661060333,0.419779509305954,0.17195984721183777,0.6506849527359009,0.06962859630584717,0.43849998712539673,0.186599999666214,0.6697774529457092,relu,16,0.1,0.0,50
93,06/02/21-232524,06/02/21-232613,48.119635581970215,25,0.07292572408914566,0.40776699781417847,0.1614283323287964,0.6345407366752625,0.07078341394662857,0.42239999771118164,0.20270000398159027,0.6269718408584595,relu,64,0.05,0.9,50
44,06/02/21-203208,06/02/21-203704,296.1570334434509,32,0.07138316333293915,0.418133944272995,0.1823268085718155,0.6517646908760071,0.07186229526996613,0.41940000653266907,0.20360000431537628,0.5968924164772034,relu,32,0.01,0.95,50
33,06/02/21-193437,06/02/21-194001,324.24803924560547,20,0.0729348435997963,0.40414679050445557,0.20585815608501434,0.6205357313156128,0.07131687551736832,0.41929998993873596,0.17569999396800995,0.6849902272224426,relu,16,0.5,0.9,50
97,06/02/21-232829,06/02/21-232939,69.51810574531555,38,0.07536923140287399,0.375843346118927,0.12226427346467972,0.6318027377128601,0.07241799682378769,0.40470001101493835,0.1454000025987625,0.6453617215156555,relu,64,0.07,0.6,50
119,06/02/21-235430,06/02/21-235504,33.854443311691284,16,0.07481925189495087,0.3783116638660431,0.15517525374889374,0.6175507307052612,0.07216358184814453,0.40459999442100525,0.17880000174045563,0.6480609178543091,relu,64,0.7,0.95,50
52,06/02/21-211913,06/02/21-212406,293.1370532512665,27,0.07668399810791016,0.3610334098339081,0.10251768678426743,0.61622154712677,0.07407581806182861,0.39959999918937683,0.09799999743700027,0.6599326729774475,relu,32,0.05,0.6,50
102,06/02/21-233434,06/02/21-233536,61.61730766296387,32,0.0754491463303566,0.3738686740398407,0.11815040558576584,0.6287215352058411,0.07334601134061813,0.3953999876976013,0.1737000048160553,0.6107594966888428,relu,64,0.1,0.6,50
88,06/02/21-232100,06/02/21-232152,51.661160707473755,27,0.07554536312818527,0.3778179883956909,0.12078328430652618,0.622561514377594,0.07309561967849731,0.39309999346733093,0.1501999944448471,0.6416061520576477,relu,64,0.03,0.9,50
43,06/02/21-202727,06/02/21-203206,278.9946279525757,29,0.07761535048484802,0.35099557042121887,0.08523942530155182,0.5920000076293945,0.07473763078451157,0.3869999945163727,0.11190000176429749,0.624790608882904,relu,32,0.01,0.9,50
84,06/02/21-231724,06/02/21-231826,61.832207679748535,30,0.0781678855419159,0.3432614803314209,0.07717623561620712,0.5877193212509155,0.07516773045063019,0.38600000739097595,0.10050000250339508,0.6230626106262207,relu,64,0.01,0.95,50
51,06/02/21-211353,06/02/21-211912,318.6078848838806,31,0.07853420823812485,0.34260326623916626,0.07536613196134567,0.5826972126960754,0.07536321133375168,0.38440001010894775,0.10580000281333923,0.6249261498451233,relu,32,0.05,0.3,50
47,06/02/21-204915,06/02/21-205436,320.894335269928,31,0.07820840924978256,0.3419450521469116,0.07651802152395248,0.5992268323898315,0.07605748623609543,0.3743000030517578,0.10209999978542328,0.5834285616874695,relu,32,0.03,0.6,50
101,06/02/21-233329,06/02/21-233434,64.60198998451233,33,0.07883739471435547,0.3319071829319,0.07273325324058533,0.573281466960907,0.07591530680656433,0.3725000023841858,0.10289999842643738,0.6132300496101379,relu,64,0.1,0.3,50
56,06/02/21-214241,06/02/21-214712,271.03657579421997,26,0.07835768163204193,0.3468816876411438,0.08359387516975403,0.599056601524353,0.07634412497282028,0.3720000088214874,0.09769999980926514,0.6222929954528809,relu,32,0.07,0.3,50
92,06/02/21-232419,06/02/21-232524,64.91648387908936,35,0.07823596894741058,0.3407931625843048,0.07816356420516968,0.5922693014144897,0.07611247897148132,0.36970001459121704,0.10700000077486038,0.5802602767944336,relu,64,0.05,0.6,50
115,06/02/21-235012,06/02/21-235036,23.96108841896057,11,0.07838555425405502,0.3429323732852936,0.08425209671258926,0.5960419178009033,0.07650410383939743,0.36649999022483826,0.07900000363588333,0.6350482106208801,relu,64,0.7,0.0,50
106,06/02/21-233914,06/02/21-233948,33.76947522163391,16,0.0777645856142044,0.3528056740760803,0.08902418613433838,0.5810955762863159,0.07641515880823135,0.3653999865055084,0.12860000133514404,0.5601045489311218,relu,64,0.3,0.3,50
50,06/02/21-210700,06/02/21-211351,410.4697871208191,43,0.07986872643232346,0.32927432656288147,0.05298667028546333,0.5393635034561157,0.07720434665679932,0.3637999892234802,0.06840000301599503,0.6258005499839783,relu,32,0.05,0.0,50
105,06/02/21-233835,06/02/21-233913,38.20395231246948,19,0.07841704785823822,0.34178048372268677,0.08244199305772781,0.5798611044883728,0.07692985236644745,0.36250001192092896,0.08810000121593475,0.6021872758865356,relu,64,0.3,0.0,50
15,06/02/21-165153,06/02/21-165806,373.2025146484375,23,0.07687019556760788,0.3602106273174286,0.0985683724284172,0.5978043675422668,0.07617676258087158,0.3612000048160553,0.13590000569820404,0.6026607751846313,relu,16,0.07,0.0,50
46,06/02/21-204231,06/02/21-204913,402.22781586647034,44,0.07931750267744064,0.31890735030174255,0.06154352426528931,0.6101142168045044,0.07704218477010727,0.3562000095844269,0.05770000070333481,0.6662817597389221,relu,32,0.03,0.3,50
87,06/02/21-231937,06/02/21-232100,82.81656622886658,44,0.08009074628353119,0.3166036009788513,0.054632220417261124,0.5617597103118896,0.0770694836974144,0.3560999929904938,0.05770000070333481,0.6740654110908508,relu,64,0.03,0.6,50
10,06/02/21-160620,06/02/21-161144,323.38866662979126,21,0.07973974943161011,0.3264768719673157,0.05858153849840164,0.5677831172943115,0.07828731089830399,0.35030001401901245,0.09799999743700027,0.5381658673286438,relu,16,0.05,0.0,50
29,06/02/21-190346,06/02/21-191034,407.9388995170593,25,0.0763045996427536,0.36317262053489685,0.1425045281648636,0.5781041383743286,0.07606231421232224,0.35010001063346863,0.1501999944448471,0.5790285468101501,relu,16,0.3,0.95,50
6,06/02/21-152808,06/02/21-153345,337.8481664657593,20,0.08109507709741592,0.30179363489151,0.04772091656923294,0.5642023086547852,0.07825326174497604,0.349700003862381,0.044199999421834946,0.7038216590881348,relu,16,0.03,0.3,50
74,06/02/21-230550,06/02/21-230652,62.09163212776184,18,0.07598510384559631,0.36202073097229004,0.13789698481559753,0.5787292718887329,0.07649582624435425,0.3447999954223633,0.09619999676942825,0.5494003295898438,relu,32,0.5,0.95,50
100,06/02/21-233222,06/02/21-233329,66.95307898521423,36,0.08074069768190384,0.30886951088905334,0.04739180579781532,0.5841785073280334,0.07887738943099976,0.3441999852657318,0.03889999911189079,0.6872791647911072,relu,64,0.1,0.0,50
5,06/02/21-152124,06/02/21-152805,400.992032289505,26,0.08063164353370667,0.31002140045166016,0.052328452467918396,0.6127167344093323,0.07888569682836533,0.3407999873161316,0.05220000073313713,0.6083915829658508,relu,16,0.03,0.0,50
60,06/02/21-220733,06/02/21-221122,228.92847537994385,22,0.07971061766147614,0.3243376612663269,0.06368273496627808,0.6113743782043457,0.07869788259267807,0.33739998936653137,0.05530000105500221,0.6097022891044617,relu,32,0.1,0.0,50
79,06/02/21-231447,06/02/21-231538,51.143062591552734,15,0.08072535693645477,0.30179363489151,0.08260654658079147,0.5386266112327576,0.07810571789741516,0.3287999927997589,0.0737999975681305,0.5410557389259338,relu,32,0.7,0.95,50
45,06/02/21-203707,06/02/21-204229,322.01037216186523,37,0.08420778810977936,0.24452854692935944,0.014974493533372879,0.5352941155433655,0.0818638876080513,0.31290000677108765,0.020099999383091927,0.7204301357269287,relu,32,0.03,0.0,50
55,06/02/21-213723,06/02/21-214238,315.3837351799011,32,0.08056456595659256,0.30179363489151,0.04673358425498009,0.573737382888794,0.0809679850935936,0.2985999882221222,0.031700000166893005,0.6673684120178223,relu,32,0.07,0.0,50
83,06/02/21-231702,06/02/21-231723,21.518919706344604,11,0.08688820898532867,0.1935165375471115,0.003784762229770422,0.4893617033958435,0.08491218090057373,0.24289999902248383,0.0019000000320374966,0.949999988079071,relu,64,0.01,0.9,50
42,06/02/21-202358,06/02/21-202725,207.21514630317688,18,0.08708915114402771,0.18578246235847473,0.005265756044536829,0.47058823704719543,0.08550041913986206,0.2345000058412552,0.003800000064074993,0.9047619104385376,relu,32,0.01,0.6,50
85,06/02/21-231826,06/02/21-231922,55.91602563858032,29,0.0875130370259285,0.17376995086669922,0.004278426989912987,0.6666666865348816,0.08612029254436493,0.23440000414848328,0.00019999999494757503,1.0,relu,64,0.03,0.0,50
91,06/02/21-232345,06/02/21-232419,33.257158041000366,17,0.08671152591705322,0.19894684851169586,0.005101201124489307,0.5254237055778503,0.08512912690639496,0.23330000042915344,0.003700000001117587,0.9487179517745972,relu,64,0.05,0.3,50
2,06/02/21-145357,06/02/21-145739,222.14437651634216,11,0.08783135563135147,0.17525094747543335,0.0008227743674069643,0.5555555820465088,0.0863402783870697,0.211899995803833,0.0,0.0,relu,16,0.01,0.6,50
1,06/02/21-144826,06/02/21-145355,328.8240463733673,19,0.0870591551065445,0.19368109107017517,0.007075859699398279,0.511904776096344,0.08648499846458435,0.2110999971628189,0.013799999840557575,0.7796609997749329,relu,16,0.01,0.3,50
96,06/02/21-232759,06/02/21-232829,30.03498125076294,15,0.08813689649105072,0.17475728690624237,0.000493664643727243,0.3333333432674408,0.08692916482686996,0.20649999380111694,0.0,0.0,relu,64,0.07,0.3,50
0,06/02/21-144428,06/02/21-144825,236.96602535247803,13,0.0886894166469574,0.15122593939304352,0.0,0.0,0.08765842020511627,0.1979999989271164,0.0,0.0,relu,16,0.01,0.0,50
80,06/02/21-231538,06/02/21-231615,36.86825156211853,20,0.08979236334562302,0.12226427346467972,0.0,0.0,0.08925596624612808,0.1817999929189682,0.0,0.0,relu,64,0.01,0.0,50
90,06/02/21-232327,06/02/21-232345,18.274544954299927,8,0.08985982090234756,0.11666940897703171,0.0,0.0,0.08961275219917297,0.15109999477863312,0.0,0.0,relu,64,0.05,0.0,50
81,06/02/21-231616,06/02/21-231642,26.280078172683716,14,0.0898786187171936,0.11337830871343613,0.0,0.0,0.08951631188392639,0.14489999413490295,0.0,0.0,relu,64,0.01,0.3,50
86,06/02/21-231922,06/02/21-231937,14.39341688156128,6,0.08978459984064102,0.12884646654129028,0.0,0.0,0.08926697075366974,0.14030000567436218,0.0,0.0,relu,64,0.03,0.3,50
40,06/02/21-201916,06/02/21-202148,152.57472896575928,12,0.08988088369369507,0.11864406615495682,0.0,0.0,0.0896497517824173,0.1386999934911728,0.0,0.0,relu,32,0.01,0.0,50
41,06/02/21-202151,06/02/21-202356,125.33663773536682,10,0.08975458145141602,0.11979594826698303,0.0,0.0,0.08946981281042099,0.13600000739097595,0.0,0.0,relu,32,0.01,0.3,50
82,06/02/21-231642,06/02/21-231701,18.921738147735596,9,0.08994336426258087,0.11897318065166473,0.0,0.0,0.08960044384002686,0.12999999523162842,0.0,0.0,relu,64,0.01,0.6,50
95,06/02/21-232744,06/02/21-232758,14.277443170547485,6,0.08943618834018707,0.12308704853057861,0.0,0.0,0.08888062834739685,0.11649999767541885,0.0,0.0,relu,64,0.07,0.0,50
38,06/02/21-201440,06/02/21-201700,139.23063039779663,6,0.09002592414617538,0.10136580467224121,0.0,0.0,0.08984936028718948,0.11060000211000443,0.0,0.0,relu,16,0.7,0.9,50
39,06/02/21-201702,06/02/21-201914,131.6805441379547,6,0.09008229523897171,0.10037847608327866,0.0,0.0,0.09008022397756577,0.10000000149011612,0.0,0.0,relu,16,0.7,0.95,50
34,06/02/21-194003,06/02/21-194217,133.6893846988678,6,0.09005291014909744,0.10317590832710266,0.0,0.0,0.09003292769193649,0.10000000149011612,0.0,0.0,relu,16,0.5,0.95,50
