,start,end,duration,round_epochs,loss,accuracy,recall,precision,val_loss,val_accuracy,val_recall,val_precision,act_fn,batch_size,client_lr,client_momentum,epochs
32,06/09/21-123804,06/09/21-123923,79.76216244697571,24,0.07854379713535309,0.33018869161605835,0.07547169923782349,0.602150559425354,0.0806896761059761,0.3237999975681305,0.1298000067472458,0.49865540862083435,relu,16,0.5,0.6,60
64,06/09/21-125426,06/09/21-125525,58.9358913898468,32,0.0788130983710289,0.35444745421409607,0.09029649943113327,0.582608699798584,0.08108171820640564,0.3127000033855438,0.06080000102519989,0.503311276435852,relu,32,0.1,0.95,60
58,06/09/21-125129,06/09/21-125241,71.74155306816101,38,0.07927735149860382,0.32749325037002563,0.07547169923782349,0.5957446694374084,0.08231756836175919,0.31130000948905945,0.10660000145435333,0.48476579785346985,relu,32,0.07,0.9,60
54,06/09/21-124929,06/09/21-125019,49.886491775512695,27,0.08192991465330124,0.30862534046173096,0.03773584961891174,0.47457626461982727,0.0814555212855339,0.31060001254081726,0.05939999967813492,0.5008431673049927,relu,32,0.05,0.95,60
109,06/09/21-130938,06/09/21-131011,33.84735155105591,31,0.08000422269105911,0.3113207519054413,0.05795148387551308,0.6935483813285828,0.08132348209619522,0.3041999936103821,0.06400000303983688,0.501960813999176,relu,64,0.3,0.95,60
72,06/09/21-125849,06/09/21-125944,55.91108417510986,30,0.08108092844486237,0.2897574007511139,0.08086253702640533,0.6382978558540344,0.08258546143770218,0.2971999943256378,0.04910000041127205,0.4627709686756134,relu,32,0.5,0.6,60
23,06/09/21-122930,06/09/21-123056,86.6020200252533,23,0.08079571276903152,0.3140161633491516,0.06469002366065979,0.6315789222717285,0.0824347510933876,0.29120001196861267,0.05130000039935112,0.488571435213089,relu,16,0.1,0.9,60
27,06/09/21-123354,06/09/21-123523,88.850270986557,23,0.08209922909736633,0.3113207519054413,0.044474393129348755,0.5322580933570862,0.08280625939369202,0.28679999709129333,0.03700000047683716,0.5640243887901306,relu,16,0.3,0.6,60
14,06/09/21-122129,06/09/21-122238,69.26315832138062,18,0.08407217264175415,0.24932613968849182,0.032345011830329895,0.5106382966041565,0.08397325128316879,0.27810001373291016,0.0019000000320374966,0.6129032373428345,relu,16,0.05,0.95,60
8,06/09/21-121643,06/09/21-121815,92.1169912815094,26,0.08463850617408752,0.2574124038219452,0.009433962404727936,0.46666666865348816,0.08323407918214798,0.275299996137619,0.002099999925121665,0.5526315569877625,relu,16,0.03,0.9,60
53,06/09/21-124822,06/09/21-124928,66.09343767166138,35,0.08264045417308807,0.2897574007511139,0.02291105128824711,0.42500001192092896,0.08360497653484344,0.2655999958515167,0.04619999974966049,0.4502924084663391,relu,32,0.05,0.9,60
25,06/09/21-123132,06/09/21-123300,87.1334388256073,23,0.08353443443775177,0.27358490228652954,0.02425876073539257,0.5454545617103577,0.0836406722664833,0.26269999146461487,0.023099999874830246,0.4620000123977661,relu,16,0.3,0.0,60
110,06/09/21-131012,06/09/21-131034,22.467215538024902,20,0.08783125877380371,0.19002695381641388,0.002695417730137706,0.4000000059604645,0.08604774624109268,0.2554999887943268,0.0,0.0,relu,64,0.5,0.0,60
63,06/09/21-125400,06/09/21-125426,25.602764129638672,13,0.08839379251003265,0.18328841030597687,0.006738544441759586,0.29411765933036804,0.08599110692739487,0.24639999866485596,0.0,0.0,relu,32,0.1,0.9,60
4,06/09/21-121254,06/09/21-121406,71.77013993263245,20,0.08602079004049301,0.2533692717552185,0.004043126478791237,0.6000000238418579,0.08464306592941284,0.24500000476837158,0.0010000000474974513,0.5,relu,16,0.01,0.95,60
98,06/09/21-130645,06/09/21-130709,24.540422677993774,22,0.08651376515626907,0.21024258434772491,0.010781670920550823,0.5333333611488342,0.08492939919233322,0.24050000309944153,0.002400000113993883,0.47999998927116394,relu,64,0.07,0.9,60
117,06/09/21-131204,06/09/21-131224,20.03899621963501,18,0.08600909262895584,0.24797843396663666,0.006738544441759586,0.3125,0.085027314722538,0.23849999904632568,9.999999747378752e-05,1.0,relu,64,0.7,0.6,60
116,06/09/21-131143,06/09/21-131204,20.435835599899292,18,0.08638013899326324,0.2183288335800171,0.005390835460275412,0.2666666805744171,0.08474608510732651,0.23669999837875366,0.0008999999845400453,0.4285714328289032,relu,64,0.7,0.3,60
94,06/09/21-130522,06/09/21-130548,25.09734034538269,23,0.0864342451095581,0.21563342213630676,0.002695417730137706,1.0,0.08518372476100922,0.22930000722408295,0.0005000000237487257,0.7142857313156128,relu,64,0.05,0.95,60
49,06/09/21-124621,06/09/21-124703,42.396639347076416,22,0.08596167713403702,0.23719675838947296,0.004043126478791237,0.4285714328289032,0.08546888828277588,0.22830000519752502,0.0,0.0,relu,32,0.03,0.95,60
22,06/09/21-122828,06/09/21-122929,61.456321239471436,16,0.08729694783687592,0.2142857164144516,0.0,0.0,0.08593855798244476,0.2280000001192093,0.0,0.0,relu,16,0.1,0.6,60
70,06/09/21-125745,06/09/21-125826,41.22703194618225,22,0.08603203296661377,0.22371967136859894,0.002695417730137706,0.20000000298023224,0.08604326844215393,0.22540000081062317,0.029899999499320984,0.5609756112098694,relu,32,0.5,0.0,60
119,06/09/21-131240,06/09/21-131300,20.4565269947052,17,0.08570496737957001,0.23045821487903595,0.002695417730137706,0.1818181872367859,0.0845416858792305,0.22280000150203705,0.006200000178068876,0.33695653080940247,relu,64,0.7,0.95,60
75,06/09/21-130030,06/09/21-130104,34.02881908416748,18,0.08682908862829208,0.2210242599248886,0.008086252957582474,0.260869562625885,0.08583935350179672,0.22100000083446503,0.007199999876320362,0.6792452931404114,relu,32,0.7,0.0,60
68,06/09/21-125700,06/09/21-125725,24.630409955978394,12,0.08717939257621765,0.2250673919916153,0.01752021536231041,0.38235294818878174,0.0855497345328331,0.22020000219345093,0.00570000009611249,0.3799999952316284,relu,32,0.3,0.9,60
30,06/09/21-123640,06/09/21-123722,42.094035387039185,11,0.08780290931463242,0.2142857164144516,0.001347708865068853,0.1111111119389534,0.0867430567741394,0.21899999678134918,0.0,0.0,relu,16,0.5,0.0,60
9,06/09/21-121815,06/09/21-121922,66.80887651443481,18,0.08741500228643417,0.2210242599248886,0.002695417730137706,0.1111111119389534,0.08632455766201019,0.2134999930858612,0.0,0.0,relu,16,0.03,0.95,60
103,06/09/21-130806,06/09/21-130829,23.240379333496094,18,0.08753567188978195,0.16711589694023132,0.002695417730137706,0.5,0.0862107053399086,0.2084999978542328,0.0,0.0,relu,64,0.1,0.9,60
35,06/09/21-124013,06/09/21-124054,41.314990282058716,12,0.08613346517086029,0.23315364122390747,0.004043126478791237,0.3333333432674408,0.08603329211473465,0.20739999413490295,0.0066999997943639755,0.39181286096572876,relu,16,0.7,0.0,60
107,06/09/21-130911,06/09/21-130924,13.575352430343628,11,0.08889657258987427,0.17924527823925018,0.0,0.0,0.08798752725124359,0.20419999957084656,0.0,0.0,relu,64,0.3,0.6,60
7,06/09/21-121545,06/09/21-121643,57.73368835449219,16,0.08940056711435318,0.13746631145477295,0.0,0.0,0.08868519216775894,0.20399999618530273,0.0,0.0,relu,16,0.03,0.6,60
17,06/09/21-122357,06/09/21-122525,87.88669013977051,24,0.0865669995546341,0.21563342213630676,0.004043126478791237,0.6000000238418579,0.08574344217777252,0.20059999823570251,0.002899999963119626,0.4084506928920746,relu,16,0.07,0.6,60
36,06/09/21-124055,06/09/21-124120,25.806583642959595,7,0.08749651163816452,0.2075471729040146,0.001347708865068853,0.1111111119389534,0.08537421375513077,0.20059999823570251,0.00039999998989515007,0.2666666805744171,relu,16,0.7,0.3,60
93,06/09/21-130458,06/09/21-130522,23.7863552570343,21,0.08750011026859283,0.1994609236717224,0.001347708865068853,1.0,0.0872974544763565,0.19679999351501465,0.00019999999494757503,0.1428571492433548,relu,64,0.05,0.9,60
112,06/09/21-131053,06/09/21-131107,13.624026775360107,11,0.08738819509744644,0.16981132328510284,0.002695417730137706,0.6666666865348816,0.08639143407344818,0.19140000641345978,0.0,0.0,relu,64,0.5,0.6,60
18,06/09/21-122526,06/09/21-122624,58.1572470664978,15,0.08500072360038757,0.24123989045619965,0.009433962404727936,0.3181818127632141,0.08646655082702637,0.19110000133514404,0.0005000000237487257,0.4545454680919647,relu,16,0.07,0.9,60
108,06/09/21-130925,06/09/21-130937,12.416433334350586,10,0.08870241791009903,0.1859838217496872,0.001347708865068853,0.25,0.08725876361131668,0.18639999628067017,0.0,0.0,relu,64,0.3,0.9,60
52,06/09/21-124753,06/09/21-124822,28.643433332443237,15,0.08970071375370026,0.12668463587760925,0.0,0.0,0.08942390233278275,0.18369999527931213,0.0,0.0,relu,32,0.05,0.6,60
59,06/09/21-125241,06/09/21-125310,28.552459239959717,15,0.08734812587499619,0.19407008588314056,0.010781670920550823,0.3636363744735718,0.08722580969333649,0.18240000307559967,9.999999747378752e-05,0.1666666716337204,relu,32,0.07,0.95,60
21,06/09/21-122742,06/09/21-122827,45.440377950668335,11,0.08932727575302124,0.16307277977466583,0.0,0.0,0.08904378116130829,0.18029999732971191,0.0,0.0,relu,16,0.1,0.3,60
115,06/09/21-131132,06/09/21-131143,10.36113715171814,8,0.08942056447267532,0.15902964770793915,0.0,0.0,0.08912404626607895,0.179299995303154,0.0,0.0,relu,64,0.7,0.0,60
111,06/09/21-131035,06/09/21-131053,18.176706314086914,16,0.08715607225894928,0.19002695381641388,0.004043126478791237,0.5,0.08740190416574478,0.17820000648498535,0.0,0.0,relu,64,0.5,0.3,60
26,06/09/21-123300,06/09/21-123354,53.69187021255493,14,0.08731171488761902,0.1927223652601242,0.009433962404727936,0.46666666865348816,0.08744528889656067,0.1776999980211258,0.0,0.0,relu,16,0.3,0.3,60
71,06/09/21-125826,06/09/21-125848,22.04536509513855,11,0.08772769570350647,0.18059299886226654,0.0,0.0,0.08770138770341873,0.17589999735355377,0.0,0.0,relu,32,0.5,0.3,60
77,06/09/21-130124,06/09/21-130141,16.56577706336975,8,0.08776529878377914,0.17385444045066833,0.0,0.0,0.08772943168878555,0.17489999532699585,0.0,0.0,relu,32,0.7,0.6,60
19,06/09/21-122624,06/09/21-122700,35.92893362045288,9,0.08910387009382248,0.16846361756324768,0.0,0.0,0.08798182010650635,0.1720000058412552,0.0,0.0,relu,16,0.07,0.95,60
29,06/09/21-123602,06/09/21-123640,37.451918601989746,9,0.08906079083681107,0.15768194198608398,0.0,0.0,0.08724772185087204,0.17069999873638153,0.0,0.0,relu,16,0.3,0.95,60
11,06/09/21-121949,06/09/21-122029,40.309372901916504,11,0.08946944028139114,0.13746631145477295,0.0,0.0,0.08901327848434448,0.16930000483989716,0.0,0.0,relu,16,0.05,0.3,60
20,06/09/21-122700,06/09/21-122741,40.92922782897949,11,0.08968469500541687,0.12938004732131958,0.0,0.0,0.08965181559324265,0.1688999980688095,0.0,0.0,relu,16,0.1,0.0,60
106,06/09/21-130854,06/09/21-130910,16.537773847579956,12,0.08939431607723236,0.14555256068706512,0.0,0.0,0.08922156691551208,0.16769999265670776,0.0,0.0,relu,64,0.3,0.3,60
12,06/09/21-122030,06/09/21-122056,26.723475456237793,7,0.08969974517822266,0.13611860573291779,0.0,0.0,0.08962390571832657,0.1673000007867813,0.0,0.0,relu,16,0.05,0.6,60
97,06/09/21-130625,06/09/21-130644,18.95729088783264,15,0.08952279388904572,0.11590296775102615,0.0,0.0,0.08953554928302765,0.16599999368190765,0.0,0.0,relu,64,0.07,0.6,60
57,06/09/21-125102,06/09/21-125129,27.05424976348877,12,0.08952770382165909,0.1428571492433548,0.0,0.0,0.08928598463535309,0.1656000018119812,0.0,0.0,relu,32,0.07,0.6,60
48,06/09/21-124546,06/09/21-124620,34.311700105667114,18,0.08742314577102661,0.1859838217496872,0.001347708865068853,1.0,0.08773987740278244,0.16519999504089355,0.0,0.0,relu,32,0.03,0.9,60
74,06/09/21-130002,06/09/21-130030,27.78867816925049,14,0.08921259641647339,0.14824797213077545,0.0,0.0,0.0887240394949913,0.16509999334812164,0.0,0.0,relu,32,0.5,0.95,60
104,06/09/21-130830,06/09/21-130843,13.057097434997559,10,0.08947458863258362,0.1253369301557541,0.0,0.0,0.08943915367126465,0.16439999639987946,0.0,0.0,relu,64,0.1,0.95,60
56,06/09/21-125040,06/09/21-125101,21.708978414535522,11,0.08935346454381943,0.1428571492433548,0.0,0.0,0.08903340250253677,0.16359999775886536,0.0,0.0,relu,32,0.07,0.3,60
51,06/09/21-124733,06/09/21-124753,19.999993085861206,10,0.08992572128772736,0.13611860573291779,0.0,0.0,0.08974079042673111,0.1624000072479248,0.0,0.0,relu,32,0.05,0.3,60
50,06/09/21-124704,06/09/21-124732,28.848829984664917,15,0.08983433991670609,0.11994609236717224,0.0,0.0,0.08952059596776962,0.1615999937057495,0.0,0.0,relu,32,0.05,0.0,60
99,06/09/21-130710,06/09/21-130725,14.858795404434204,12,0.08944574743509293,0.14150942862033844,0.0,0.0,0.08922283351421356,0.1615000069141388,0.0,0.0,relu,64,0.07,0.95,60
16,06/09/21-122313,06/09/21-122357,44.12159323692322,11,0.08936551213264465,0.11859837919473648,0.0,0.0,0.08908715099096298,0.1597999930381775,0.0,0.0,relu,16,0.07,0.3,60
2,06/09/21-121142,06/09/21-121230,47.89177083969116,13,0.09024578332901001,0.11859837919473648,0.0,0.0,0.08967084437608719,0.15850000083446503,0.0,0.0,relu,16,0.01,0.6,60
46,06/09/21-124500,06/09/21-124528,27.96968126296997,13,0.09017172455787659,0.11185983568429947,0.0,0.0,0.0896979570388794,0.1574999988079071,0.0,0.0,relu,32,0.03,0.3,60
102,06/09/21-130747,06/09/21-130806,18.34770941734314,16,0.0897701159119606,0.12803234159946442,0.0,0.0,0.08953018486499786,0.1573999971151352,0.0,0.0,relu,64,0.1,0.6,60
6,06/09/21-121443,06/09/21-121545,61.936442613601685,17,0.08993448317050934,0.12668463587760925,0.0,0.0,0.08976464718580246,0.15719999372959137,0.0,0.0,relu,16,0.03,0.3,60
118,06/09/21-131224,06/09/21-131240,15.178881883621216,13,0.08949160575866699,0.1495956927537918,0.0,0.0,0.0886780321598053,0.15680000185966492,0.0,0.0,relu,64,0.7,0.9,60
62,06/09/21-125339,06/09/21-125400,20.594092845916748,10,0.08963505923748016,0.13477088510990143,0.0,0.0,0.08935747295618057,0.15449999272823334,0.0,0.0,relu,32,0.1,0.6,60
69,06/09/21-125725,06/09/21-125744,18.836939096450806,9,0.08841004967689514,0.15498651564121246,0.002695417730137706,0.6666666865348816,0.08836910128593445,0.1534000039100647,0.0,0.0,relu,32,0.3,0.95,60
73,06/09/21-125945,06/09/21-130002,16.6770441532135,8,0.0894126445055008,0.15498651564121246,0.0,0.0,0.08876705914735794,0.15109999477863312,0.0,0.0,relu,32,0.5,0.9,60
13,06/09/21-122057,06/09/21-122129,31.8305766582489,8,0.08902829140424728,0.15902964770793915,0.0,0.0,0.08875872939825058,0.1477999985218048,0.0,0.0,relu,16,0.05,0.9,60
3,06/09/21-121230,06/09/21-121253,23.522857427597046,6,0.09005371481180191,0.1145552545785904,0.0,0.0,0.0896785631775856,0.14730000495910645,0.0,0.0,relu,16,0.01,0.9,60
47,06/09/21-124529,06/09/21-124546,17.086214065551758,8,0.09006578475236893,0.1105121299624443,0.0,0.0,0.08981383591890335,0.14659999310970306,0.0,0.0,relu,32,0.03,0.6,60
34,06/09/21-123947,06/09/21-124012,25.249677181243896,7,0.08999848365783691,0.0929919108748436,0.0,0.0,0.08893556892871857,0.1462000012397766,0.0,0.0,relu,16,0.5,0.95,60
82,06/09/21-130246,06/09/21-130300,13.413427114486694,11,0.09101714193820953,0.1105121299624443,0.0,0.0,0.08964476734399796,0.1444000005722046,0.0,0.0,relu,64,0.01,0.6,60
66,06/09/21-125557,06/09/21-125633,35.99692177772522,19,0.08642157912254333,0.2142857164144516,0.005390835460275412,0.4000000059604645,0.08905907720327377,0.14159999787807465,0.0,0.0,relu,32,0.3,0.3,60
105,06/09/21-130843,06/09/21-130853,10.273691654205322,8,0.0897965058684349,0.12803234159946442,0.0,0.0,0.0896407812833786,0.14100000262260437,0.0,0.0,relu,64,0.3,0.0,60
76,06/09/21-130105,06/09/21-130124,19.08101749420166,10,0.08839339017868042,0.19002695381641388,0.004043126478791237,0.13636364042758942,0.08899501711130142,0.14079999923706055,0.0,0.0,relu,32,0.7,0.3,60
96,06/09/21-130606,06/09/21-130625,19.171752452850342,17,0.08993292599916458,0.11185983568429947,0.0,0.0,0.08973834663629532,0.14079999923706055,0.0,0.0,relu,64,0.07,0.3,60
87,06/09/21-130343,06/09/21-130400,16.714287281036377,14,0.09027857333421707,0.1105121299624443,0.0,0.0,0.08973655849695206,0.1396999955177307,0.0,0.0,relu,64,0.03,0.6,60
67,06/09/21-125633,06/09/21-125700,27.005618572235107,14,0.08633872121572495,0.23045821487903595,0.002695417730137706,0.25,0.09786726534366608,0.1395999938249588,0.0729999989271164,0.2296319603919983,relu,32,0.3,0.6,60
113,06/09/21-131107,06/09/21-131118,10.874256610870361,8,0.08899147063493729,0.14824797213077545,0.0,0.0,0.08868509531021118,0.13920000195503235,0.00019999999494757503,0.3333333432674408,relu,64,0.5,0.9,60
88,06/09/21-130400,06/09/21-130409,8.659929037094116,6,0.09011305868625641,0.11320754885673523,0.0,0.0,0.08974646776914597,0.13729999959468842,0.0,0.0,relu,64,0.03,0.9,60
42,06/09/21-124337,06/09/21-124408,30.642616748809814,15,0.09001840651035309,0.1212937980890274,0.0,0.0,0.08987098187208176,0.13580000400543213,0.0,0.0,relu,32,0.01,0.6,60
55,06/09/21-125019,06/09/21-125039,20.374753952026367,10,0.0900585949420929,0.12668463587760925,0.0,0.0,0.08979183435440063,0.1356000006198883,0.0,0.0,relu,32,0.07,0.0,60
114,06/09/21-131118,06/09/21-131132,13.789304971694946,11,0.0893302857875824,0.15768194198608398,0.0,0.0,0.08924376219511032,0.13410000503063202,0.0,0.0,relu,64,0.5,0.95,60
5,06/09/21-121406,06/09/21-121442,36.258816719055176,10,0.0898340567946434,0.12668463587760925,0.0,0.0,0.0896819606423378,0.13189999759197235,0.0,0.0,relu,16,0.03,0.0,60
10,06/09/21-121923,06/09/21-121949,26.029640674591064,6,0.0901007428765297,0.1037735864520073,0.0,0.0,0.08968587964773178,0.13169999420642853,0.0,0.0,relu,16,0.05,0.0,60
91,06/09/21-130430,06/09/21-130441,10.709861040115356,6,0.09065785259008408,0.10781671106815338,0.0,0.0,0.08983198553323746,0.1307000070810318,0.0,0.0,relu,64,0.05,0.3,60
92,06/09/21-130441,06/09/21-130458,16.478782653808594,12,0.08979814499616623,0.1253369301557541,0.0,0.0,0.08976178616285324,0.1298000067472458,0.0,0.0,relu,64,0.05,0.6,60
43,06/09/21-124408,06/09/21-124429,20.882423639297485,9,0.09002847224473953,0.1105121299624443,0.0,0.0,0.08970575034618378,0.1290999948978424,0.0,0.0,relu,32,0.01,0.9,60
45,06/09/21-124446,06/09/21-124500,13.522990465164185,6,0.09075040370225906,0.13477088510990143,0.0,0.0,0.08999709784984589,0.12839999794960022,0.0,0.0,relu,32,0.03,0.0,60
95,06/09/21-130548,06/09/21-130605,17.499703884124756,15,0.09030215442180634,0.10646900534629822,0.0,0.0,0.08974861353635788,0.12759999930858612,0.0,0.0,relu,64,0.07,0.0,60
86,06/09/21-130331,06/09/21-130343,11.626022100448608,9,0.09041609615087509,0.10107816755771637,0.0,0.0,0.08981509506702423,0.1266999989748001,0.0,0.0,relu,64,0.03,0.3,60
101,06/09/21-130737,06/09/21-130747,9.71314263343811,7,0.08992668986320496,0.14016172289848328,0.0,0.0,0.08983509987592697,0.12439999729394913,0.0,0.0,relu,64,0.1,0.3,60
1,06/09/21-121101,06/09/21-121141,40.37910604476929,11,0.09048286080360413,0.10916441679000854,0.0,0.0,0.08990638703107834,0.12280000001192093,0.0,0.0,relu,16,0.01,0.3,60
60,06/09/21-125310,06/09/21-125325,15.042104005813599,7,0.08990170806646347,0.14150942862033844,0.0,0.0,0.08953361958265305,0.12160000205039978,0.0,0.0,relu,32,0.1,0.0,60
100,06/09/21-130725,06/09/21-130737,11.977108240127563,9,0.09043026715517044,0.1145552545785904,0.0,0.0,0.08977679908275604,0.12120000272989273,0.0,0.0,relu,64,0.1,0.0,60
24,06/09/21-123057,06/09/21-123132,35.45978546142578,9,0.08838455379009247,0.1603773534297943,0.001347708865068853,0.5,0.08943363279104233,0.12080000340938568,0.0,0.0,relu,16,0.1,0.95,60
40,06/09/21-124304,06/09/21-124324,19.99784016609192,9,0.09137018769979477,0.10242587327957153,0.0,0.0,0.08998700231313705,0.11969999969005585,0.0,0.0,relu,32,0.01,0.0,60
90,06/09/21-130422,06/09/21-130430,8.391185760498047,6,0.09098275750875473,0.11185983568429947,0.0,0.0,0.08995784819126129,0.11919999867677689,0.0,0.0,relu,64,0.05,0.0,60
65,06/09/21-125526,06/09/21-125556,30.697049856185913,16,0.08852235227823257,0.18328841030597687,0.0,0.0,0.08996497094631195,0.11800000071525574,0.0,0.0,relu,32,0.3,0.0,60
83,06/09/21-130300,06/09/21-130311,11.205659627914429,6,0.09046000242233276,0.10916441679000854,0.0,0.0,0.08998724818229675,0.1177000030875206,0.0,0.0,relu,64,0.01,0.9,60
15,06/09/21-122239,06/09/21-122312,33.65273928642273,8,0.08982712030410767,0.10646900534629822,0.0,0.0,0.08976559340953827,0.11760000139474869,0.0,0.0,relu,16,0.07,0.0,60
89,06/09/21-130409,06/09/21-130421,11.870368003845215,9,0.08968894183635712,0.13072776794433594,0.0,0.0,0.08962827175855637,0.11569999903440475,0.0,0.0,relu,64,0.03,0.95,60
61,06/09/21-125325,06/09/21-125339,13.712628602981567,6,0.08984352648258209,0.12668463587760925,0.0,0.0,0.08943913877010345,0.1152999997138977,0.0,0.0,relu,32,0.1,0.3,60
78,06/09/21-130141,06/09/21-130158,17.155833959579468,8,0.09002455323934555,0.10646900534629822,0.0,0.0,0.09001468867063522,0.11249999701976776,0.0,0.0,relu,32,0.7,0.9,60
80,06/09/21-130221,06/09/21-130236,14.553395748138428,9,0.09299653023481369,0.1037735864520073,0.0,0.0,0.09000654518604279,0.11159999668598175,0.0,0.0,relu,64,0.01,0.0,60
85,06/09/21-130323,06/09/21-130331,8.114235877990723,6,0.09119496494531631,0.1320754736661911,0.0,0.0,0.09011638909578323,0.1111999973654747,0.0,0.0,relu,64,0.03,0.0,60
33,06/09/21-123924,06/09/21-123947,23.133967876434326,6,0.08961113542318344,0.14420485496520996,0.0,0.0,0.0896487608551979,0.10930000245571136,0.0,0.0,relu,16,0.5,0.9,60
41,06/09/21-124324,06/09/21-124337,12.714652299880981,6,0.09178464859724045,0.09838274866342545,0.0,0.0,0.09005892276763916,0.10740000009536743,0.0,0.0,relu,32,0.01,0.3,60
31,06/09/21-123723,06/09/21-123803,40.4934184551239,11,0.08531777560710907,0.21159029006958008,0.013477088883519173,0.5263158082962036,0.0951656624674797,0.10740000009536743,0.002199999988079071,0.3384615480899811,relu,16,0.5,0.3,60
84,06/09/21-130312,06/09/21-130322,10.618284702301025,8,0.08988285064697266,0.10916441679000854,0.0,0.0,0.08994994312524796,0.10239999741315842,0.0,0.0,relu,64,0.01,0.95,60
44,06/09/21-124430,06/09/21-124446,16.30380153656006,6,0.08986687660217285,0.12938004732131958,0.0,0.0,0.08991759270429611,0.10199999809265137,0.0,0.0,relu,32,0.01,0.95,60
37,06/09/21-124121,06/09/21-124149,28.546266078948975,8,0.08915410190820694,0.13477088510990143,0.001347708865068853,0.1666666716337204,0.08981049805879593,0.10010000318288803,0.0,0.0,relu,16,0.7,0.6,60
38,06/09/21-124150,06/09/21-124231,41.459678173065186,12,0.08991065621376038,0.1037735864520073,0.0,0.0,0.0901351124048233,0.10000000149011612,0.0,0.0,relu,16,0.7,0.9,60
39,06/09/21-124232,06/09/21-124303,31.935879468917847,9,0.08991824090480804,0.1105121299624443,0.0,0.0,0.09010450541973114,0.10000000149011612,0.0,0.0,relu,16,0.7,0.95,60
28,06/09/21-123523,06/09/21-123602,38.66621136665344,9,0.08986420184373856,0.11590296775102615,0.0,0.0,0.09006927907466888,0.10000000149011612,0.0,0.0,relu,16,0.3,0.9,60
79,06/09/21-130159,06/09/21-130221,22.028658866882324,11,0.08998607844114304,0.11859837919473648,0.0,0.0,0.09013334661722183,0.10000000149011612,0.0,0.0,relu,32,0.7,0.95,60
0,06/09/21-121037,06/09/21-121101,24.080007553100586,6,0.09073437750339508,0.11185983568429947,0.0,0.0,0.09003635495901108,0.09679999947547913,0.0,0.0,relu,16,0.01,0.0,60
81,06/09/21-130236,06/09/21-130246,10.06438159942627,7,0.09381774067878723,0.09568732976913452,0.001347708865068853,0.25,0.09016447514295578,0.09589999914169312,0.0,0.0,relu,64,0.01,0.3,60
