,start,end,duration,round_epochs,loss,accuracy,recall,precision,val_loss,val_accuracy,val_recall,val_precision,act_fn,batch_size,client_lr,client_momentum,epochs
23,06/22/21-063817,06/22/21-063854,37.060758113861084,30,0.01883114129304886,0.879878580570221,0.8451864719390869,0.921513020992279,0.042994480580091476,0.7159532904624939,0.6575875282287598,0.7824074029922485,relu,16,0.09,0.9,30
59,06/22/21-065341,06/22/21-065405,23.869025707244873,30,0.023443909361958504,0.8404163122177124,0.8061578273773193,0.8993710875511169,0.04485783725976944,0.7042801380157471,0.661478579044342,0.7456140518188477,relu,32,0.07,0.95,30
73,06/22/21-065742,06/22/21-065805,22.619181632995605,30,0.023442404344677925,0.838681697845459,0.797051191329956,0.8935343027114868,0.04695773497223854,0.6731517314910889,0.6381322741508484,0.7454545497894287,relu,32,0.3,0.9,30
14,06/22/21-063404,06/22/21-063440,36.05776596069336,30,0.01678108610212803,0.8907198905944824,0.8660017251968384,0.9301350712776184,0.04945465177297592,0.6692606806755066,0.6459143757820129,0.7063829898834229,relu,16,0.05,0.95,30
18,06/22/21-063549,06/22/21-063627,38.10967421531677,30,0.018420489504933357,0.8746747374534607,0.8421509265899658,0.9287422299385071,0.04752881079912186,0.6692606806755066,0.6264591217041016,0.7351598143577576,relu,16,0.07,0.9,30
24,06/22/21-063854,06/22/21-063931,36.83329916000366,30,0.020982246845960617,0.8547267913818359,0.8256721496582031,0.907963752746582,0.04977947473526001,0.6575875282287598,0.618677020072937,0.739534854888916,relu,16,0.09,0.95,30
33,06/22/21-064318,06/22/21-064402,43.66174268722534,30,0.04141246899962425,0.7172593474388123,0.6717259287834167,0.7878941893577576,0.05647136643528938,0.6498054265975952,0.5875486135482788,0.6990740895271301,relu,16,0.3,0.9,30
35,06/22/21-064439,06/22/21-064521,42.11319136619568,30,0.02902769297361374,0.8013876676559448,0.7450129985809326,0.8792220950126648,0.05032946541905403,0.6459143757820129,0.5564202070236206,0.7409326434135437,relu,16,0.5,0.0,30
28,06/22/21-064024,06/22/21-064101,37.02978229522705,30,0.01766887679696083,0.8859496712684631,0.8560277819633484,0.9211385846138,0.05590170994400978,0.6459143757820129,0.6264591217041016,0.6969696879386902,relu,16,0.1,0.9,30
19,06/22/21-063628,06/22/21-063704,36.19124150276184,30,0.024130284786224365,0.8365134596824646,0.7961838841438293,0.9022113084793091,0.051213111728429794,0.6420233249664307,0.5914396643638611,0.7169811129570007,relu,16,0.07,0.95,30
78,06/22/21-065937,06/22/21-065958,21.469051361083984,30,0.0352560393512249,0.7580225467681885,0.7168256640434265,0.82485032081604,0.05720200389623642,0.6420233249664307,0.6070038676261902,0.6753246784210205,relu,32,0.5,0.9,30
32,06/22/21-064237,06/22/21-064318,40.99469876289368,30,0.02255813218653202,0.8503903150558472,0.807025134563446,0.9095796942710876,0.0514821894466877,0.6303501725196838,0.5914396643638611,0.6972476840019226,relu,16,0.3,0.6,30
68,06/22/21-065607,06/22/21-065630,22.866737127304077,30,0.034887224435806274,0.7545533180236816,0.6717259287834167,0.8836280703544617,0.053080618381500244,0.6108949184417725,0.548638105392456,0.7230769395828247,relu,32,0.1,0.9,30
77,06/22/21-065911,06/22/21-065937,25.028177499771118,30,0.034526098519563675,0.7619253993034363,0.6756287813186646,0.8626799583435059,0.05291948840022087,0.6108949184417725,0.5447470545768738,0.7179487347602844,relu,32,0.5,0.6,30
36,06/22/21-064521,06/22/21-064604,42.40795636177063,30,0.030217017978429794,0.7940155863761902,0.7428447604179382,0.8669028282165527,0.05597153678536415,0.6070038676261902,0.5525291562080383,0.6960784196853638,relu,16,0.5,0.3,30
69,06/22/21-065630,06/22/21-065652,22.23954677581787,30,0.03437964990735054,0.7614917755126953,0.6938421726226807,0.8506113886833191,0.05168067291378975,0.6070038676261902,0.5603112578392029,0.7272727489471436,relu,32,0.1,0.95,30
54,06/22/21-065206,06/22/21-065230,24.371037483215332,30,0.037552352994680405,0.7341717481613159,0.6448395252227783,0.8502001166343689,0.05264396220445633,0.6031128168106079,0.533073902130127,0.7326202988624573,relu,32,0.05,0.95,30
64,06/22/21-065507,06/22/21-065529,22.15995740890503,30,0.028097636997699738,0.8065915107727051,0.7549870014190674,0.8748743534088135,0.05588085204362869,0.6031128168106079,0.5603112578392029,0.672897219657898,relu,32,0.09,0.95,30
13,06/22/21-063327,06/22/21-063404,36.93399119377136,30,0.04150012135505676,0.6986123323440552,0.6045099496841431,0.8263189196586609,0.05322614684700966,0.6031128168106079,0.49805447459220886,0.7191011309623718,relu,16,0.05,0.9,30
29,06/22/21-064102,06/22/21-064138,36.69421648979187,29,0.02521883323788643,0.838248074054718,0.8148308992385864,0.8755824565887451,0.06231287866830826,0.5992217659950256,0.575875461101532,0.632478654384613,relu,16,0.1,0.95,30
9,06/22/21-063142,06/22/21-063222,40.24650287628174,30,0.03128364682197571,0.7827406525611877,0.7155247330665588,0.8661417365074158,0.05501120537519455,0.5953307151794434,0.5408560037612915,0.6780487895011902,relu,16,0.03,0.95,30
37,06/22/21-064604,06/22/21-064644,39.81878161430359,28,0.019335025921463966,0.872940182685852,0.844752848148346,0.9136960506439209,0.06463466584682465,0.5719844102859497,0.548638105392456,0.613043487071991,relu,16,0.5,0.6,30
22,06/22/21-063740,06/22/21-063816,36.61387777328491,30,0.04440261051058769,0.6821335554122925,0.541196882724762,0.8524590134620667,0.05648419260978699,0.5525291562080383,0.46692606806755066,0.7317073345184326,relu,16,0.09,0.6,30
72,06/22/21-065720,06/22/21-065742,21.921618461608887,30,0.045582447201013565,0.6682567000389099,0.5208152532577515,0.8299930691719055,0.057832878082990646,0.5525291562080383,0.5019454956054688,0.671875,relu,32,0.3,0.6,30
58,06/22/21-065315,06/22/21-065341,25.60214400291443,30,0.05141957476735115,0.6235906481742859,0.4687770903110504,0.8055141568183899,0.057387255132198334,0.5525291562080383,0.4474708139896393,0.7565789222717285,relu,32,0.07,0.9,30
30,06/22/21-064139,06/22/21-064218,39.3894727230072,30,0.04606569558382034,0.6643538475036621,0.5416305065155029,0.8244224190711975,0.06028730049729347,0.548638105392456,0.4280155599117279,0.7382550239562988,relu,16,0.3,0.0,30
38,06/22/21-064644,06/22/21-064713,28.612898111343384,20,0.057920053601264954,0.585429310798645,0.492194265127182,0.7215511798858643,0.07263411581516266,0.48638132214546204,0.3151750862598419,0.6183205842971802,relu,16,0.5,0.9,30
53,06/22/21-065142,06/22/21-065206,24.135513305664062,30,0.07454192638397217,0.39722463488578796,0.13963572680950165,0.7612293362617493,0.07382698357105255,0.3813229501247406,0.16731517016887665,0.7678571343421936,relu,32,0.05,0.9,30
79,06/22/21-065959,06/22/21-070020,21.072322607040405,30,0.06521067768335342,0.5017346143722534,0.3434518575668335,0.6886956691741943,0.078473761677742,0.3774318993091583,0.21400777995586395,0.5913978219032288,relu,32,0.5,0.95,30
75,06/22/21-065825,06/22/21-065846,20.980082035064697,30,0.06309922784566879,0.5143104791641235,0.297484815120697,0.772522509098053,0.08796285092830658,0.33852139115333557,0.23346303403377533,0.4225352108478546,relu,32,0.5,0.0,30
48,06/22/21-065012,06/22/21-065037,24.937346935272217,30,0.08193212747573853,0.305290549993515,0.041196878999471664,0.7364341020584106,0.08094392716884613,0.32684823870658875,0.04280155524611473,0.9166666865348816,relu,32,0.03,0.9,30
76,06/22/21-065847,06/22/21-065911,24.53193712234497,30,0.06317051500082016,0.5169124007225037,0.2944492697715759,0.7698412537574768,0.09831473976373672,0.26070037484169006,0.1750972718000412,0.29032257199287415,relu,32,0.5,0.3,30
4,06/22/21-062955,06/22/21-063024,29.012192487716675,23,0.08487703651189804,0.2606244683265686,0.026886383071541786,0.8157894611358643,0.0850924700498581,0.2529182732105255,0.05058365687727928,0.7222222089767456,relu,16,0.01,0.95,30
17,06/22/21-063515,06/22/21-063549,33.74096369743347,24,0.08366794884204865,0.29141369462013245,0.02471812628209591,0.8636363744735718,0.08560635894536972,0.24513618648052216,0.02723735384643078,0.5833333134651184,relu,16,0.07,0.6,30
71,06/22/21-065704,06/22/21-065719,15.690343141555786,15,0.08794589340686798,0.20641803741455078,0.0,0.0,0.08742810040712357,0.2217898815870285,0.0,0.0,relu,32,0.3,0.3,30
12,06/22/21-063307,06/22/21-063327,20.16001796722412,15,0.08852232992649078,0.17649610340595245,0.0,0.0,0.0881391167640686,0.21789883077144623,0.0,0.0,relu,16,0.05,0.6,30
49,06/22/21-065038,06/22/21-065052,14.196860313415527,11,0.0877666175365448,0.21075455844402313,0.0,0.0,0.0873144194483757,0.21011672914028168,0.0,0.0,relu,32,0.03,0.95,30
1,06/22/21-062845,06/22/21-062918,32.40867376327515,27,0.08880481868982315,0.19037294387817383,0.0,0.0,0.0885564461350441,0.2062256783246994,0.0,0.0,relu,16,0.01,0.3,30
42,06/22/21-064827,06/22/21-064847,19.837156295776367,20,0.08920501172542572,0.17692974209785461,0.0,0.0,0.089004747569561,0.2062256783246994,0.0,0.0,relu,32,0.01,0.6,30
50,06/22/21-065052,06/22/21-065111,18.865724802017212,22,0.08867853134870529,0.18169991672039032,0.0,0.0,0.08838270604610443,0.2062256783246994,0.0,0.0,relu,32,0.05,0.0,30
44,06/22/21-064903,06/22/21-064918,14.815834999084473,12,0.08865891396999359,0.18256720900535583,0.0,0.0,0.08825687319040298,0.2062256783246994,0.0,0.0,relu,32,0.01,0.95,30
63,06/22/21-065455,06/22/21-065507,11.318906307220459,11,0.08846932649612427,0.17649610340595245,0.0,0.0,0.08796430379152298,0.2062256783246994,0.0,0.0,relu,32,0.09,0.9,30
61,06/22/21-065428,06/22/21-065441,12.697785377502441,14,0.08864375948905945,0.18647007644176483,0.0,0.0,0.08825577795505524,0.20233462750911713,0.0,0.0,relu,32,0.09,0.3,30
65,06/22/21-065530,06/22/21-065540,10.747763633728027,11,0.0886228084564209,0.17823070287704468,0.0,0.0,0.08831758052110672,0.20233462750911713,0.0,0.0,relu,32,0.1,0.0,30
57,06/22/21-065304,06/22/21-065315,11.402357339859009,12,0.0885273814201355,0.19427579641342163,0.0,0.0,0.08809760957956314,0.19844357669353485,0.0,0.0,relu,32,0.07,0.6,30
74,06/22/21-065805,06/22/21-065825,19.942958116531372,28,0.08855818957090378,0.1799653023481369,0.0008673027041368186,1.0,0.08822861313819885,0.19844357669353485,0.0,0.0,relu,32,0.3,0.95,30
67,06/22/21-065555,06/22/21-065607,11.804324388504028,14,0.0885825827717781,0.1830008625984192,0.0,0.0,0.08828258514404297,0.19844357669353485,0.0,0.0,relu,32,0.1,0.6,30
51,06/22/21-065111,06/22/21-065124,12.85263729095459,12,0.08952102065086365,0.17736339569091797,0.0,0.0,0.08939438313245773,0.19844357669353485,0.0,0.0,relu,32,0.05,0.3,30
60,06/22/21-065406,06/22/21-065428,21.87306046485901,29,0.08860286325216293,0.17736339569091797,0.0,0.0,0.08812706172466278,0.19844357669353485,0.0,0.0,relu,32,0.09,0.0,30
0,06/22/21-062819,06/22/21-062845,25.789462327957153,19,0.08958656340837479,0.17736339569091797,0.0,0.0,0.08948004990816116,0.19844357669353485,0.0,0.0,relu,16,0.01,0.0,30
47,06/22/21-064951,06/22/21-065012,20.65270185470581,22,0.08927423506975174,0.17823070287704468,0.0,0.0,0.08914314955472946,0.19844357669353485,0.0,0.0,relu,32,0.03,0.6,30
34,06/22/21-064402,06/22/21-064438,36.20752453804016,26,0.0886937752366066,0.16999132931232452,0.0,0.0,0.0882677212357521,0.19844357669353485,0.0,0.0,relu,16,0.3,0.95,30
15,06/22/21-063441,06/22/21-063459,18.556997776031494,14,0.08894740790128708,0.17736339569091797,0.0,0.0,0.08875629305839539,0.19844357669353485,0.0,0.0,relu,16,0.07,0.0,30
20,06/22/21-063704,06/22/21-063721,16.99033212661743,11,0.08894046396017075,0.17779704928398132,0.0,0.0,0.08870897442102432,0.19844357669353485,0.0,0.0,relu,16,0.09,0.0,30
7,06/22/21-063105,06/22/21-063123,17.545035123825073,11,0.08870051801204681,0.17866435647010803,0.0,0.0,0.08830815553665161,0.19844357669353485,0.0,0.0,relu,16,0.03,0.6,30
26,06/22/21-063951,06/22/21-064008,16.375956058502197,11,0.08868134766817093,0.17736339569091797,0.0,0.0,0.08832526206970215,0.19844357669353485,0.0,0.0,relu,16,0.1,0.3,30
27,06/22/21-064008,06/22/21-064024,15.932529926300049,11,0.08854299783706665,0.17736339569091797,0.0,0.0,0.08825287222862244,0.19844357669353485,0.0,0.0,relu,16,0.1,0.6,30
11,06/22/21-063250,06/22/21-063306,15.799047470092773,12,0.08895714581012726,0.17736339569091797,0.0,0.0,0.08874446898698807,0.19844357669353485,0.0,0.0,relu,16,0.05,0.3,30
31,06/22/21-064219,06/22/21-064236,17.525492906570435,11,0.08843918889760971,0.17736339569091797,0.0,0.0,0.08802307397127151,0.19844357669353485,0.0,0.0,relu,16,0.3,0.3,30
39,06/22/21-064713,06/22/21-064733,19.404619216918945,11,0.08868502080440521,0.17476148903369904,0.0,0.0,0.08816400170326233,0.19844357669353485,0.0,0.0,relu,16,0.5,0.95,30
6,06/22/21-063041,06/22/21-063105,24.093531847000122,19,0.08860693126916885,0.18256720900535583,0.0,0.0,0.08817051351070404,0.19844357669353485,0.0,0.0,relu,16,0.03,0.3,30
5,06/22/21-063025,06/22/21-063041,16.221279621124268,12,0.0891512781381607,0.17736339569091797,0.0,0.0,0.08893520385026932,0.19844357669353485,0.0,0.0,relu,16,0.03,0.0,30
3,06/22/21-062938,06/22/21-062955,17.192254781723022,13,0.08865729719400406,0.17692974209785461,0.0,0.0,0.08819103986024857,0.19844357669353485,0.0,0.0,relu,16,0.01,0.9,30
2,06/22/21-062918,06/22/21-062937,18.84774374961853,14,0.08947324752807617,0.17736339569091797,0.0,0.0,0.08939889073371887,0.19844357669353485,0.0,0.0,relu,16,0.01,0.6,30
8,06/22/21-063123,06/22/21-063142,18.68233323097229,11,0.08851175755262375,0.1799653023481369,0.0,0.0,0.0881076231598854,0.19844357669353485,0.0,0.0,relu,16,0.03,0.9,30
62,06/22/21-065441,06/22/21-065455,13.661299228668213,12,0.08864136040210724,0.17779704928398132,0.0,0.0,0.08822981268167496,0.19455252587795258,0.0,0.0,relu,32,0.09,0.6,30
46,06/22/21-064938,06/22/21-064950,11.939390659332275,12,0.08930984139442444,0.16565480828285217,0.0,0.0,0.08913301676511765,0.19455252587795258,0.0,0.0,relu,32,0.03,0.3,30
66,06/22/21-065541,06/22/21-065554,13.763996124267578,14,0.0886358916759491,0.17823070287704468,0.0,0.0,0.08825559914112091,0.19455252587795258,0.0,0.0,relu,32,0.1,0.3,30
16,06/22/21-063500,06/22/21-063515,14.791995286941528,11,0.0886354148387909,0.17866435647010803,0.0,0.0,0.08830587565898895,0.19455252587795258,0.0,0.0,relu,16,0.07,0.3,30
52,06/22/21-065125,06/22/21-065141,16.47109818458557,18,0.08863610774278641,0.17736339569091797,0.0,0.0,0.08829934895038605,0.19455252587795258,0.0,0.0,relu,32,0.05,0.6,30
56,06/22/21-065247,06/22/21-065303,16.87695026397705,13,0.08867649734020233,0.1730268895626068,0.0,0.0,0.08826500177383423,0.1906614750623703,0.0,0.0,relu,32,0.07,0.3,30
21,06/22/21-063721,06/22/21-063739,17.8073992729187,14,0.08854245394468307,0.17692974209785461,0.0,0.0,0.08814428001642227,0.18677042424678802,0.0,0.0,relu,16,0.09,0.3,30
70,06/22/21-065653,06/22/21-065703,10.192888259887695,11,0.08839623630046844,0.1955767571926117,0.0,0.0,0.08822920173406601,0.18677042424678802,0.0,0.0,relu,32,0.3,0.0,30
40,06/22/21-064734,06/22/21-064758,24.501707792282104,30,0.08975306898355484,0.16131830215454102,0.0,0.0,0.08973882347345352,0.18677042424678802,0.0,0.0,relu,32,0.01,0.0,30
10,06/22/21-063222,06/22/21-063250,27.809319496154785,21,0.08856210857629776,0.18690373003482819,0.0,0.0,0.0881342887878418,0.18287937343120575,0.0,0.0,relu,16,0.05,0.0,30
55,06/22/21-065231,06/22/21-065246,15.49549913406372,17,0.08867678791284561,0.17823070287704468,0.0,0.0,0.08836746960878372,0.18287937343120575,0.0,0.0,relu,32,0.07,0.0,30
43,06/22/21-064847,06/22/21-064903,15.877996683120728,18,0.08853175491094589,0.1964440643787384,0.0,0.0,0.08819246292114258,0.18287937343120575,0.0,0.0,relu,32,0.01,0.9,30
45,06/22/21-064918,06/22/21-064937,19.11323118209839,17,0.08960145711898804,0.1730268895626068,0.0,0.0,0.08953239023685455,0.17898832261562347,0.0,0.0,relu,32,0.03,0.0,30
25,06/22/21-063931,06/22/21-063951,19.635419845581055,15,0.08856064826250076,0.1730268895626068,0.0,0.0,0.08833185583353043,0.1750972718000412,0.0,0.0,relu,16,0.1,0.0,30
41,06/22/21-064759,06/22/21-064826,27.5330650806427,30,0.0889761820435524,0.16001734137535095,0.0,0.0,0.0887000635266304,0.16731517016887665,0.0,0.0,relu,32,0.01,0.3,30
