,start,end,duration,round_epochs,loss,accuracy,recall,precision,val_loss,val_accuracy,val_recall,val_precision,act_fn,batch_size,client_lr,client_momentum,epochs
13,06/17/21-024648,06/17/21-024730,42.20936608314514,30,0.029723670333623886,0.7947131395339966,0.7485939264297485,0.8303181529045105,0.027408989146351814,0.8181818127632141,0.7626262903213501,0.8435754179954529,relu,16,0.05,0.9,30
32,06/17/21-030008,06/17/21-030050,41.99717426300049,30,0.026150956749916077,0.8200225234031677,0.7806524038314819,0.8499693870544434,0.029343310743570328,0.8181818127632141,0.7878788113594055,0.8432432413101196,relu,16,0.3,0.6,30
19,06/17/21-025101,06/17/21-025141,40.74739909172058,30,0.024651745334267616,0.834645688533783,0.7958379983901978,0.8638583421707153,0.02831626497209072,0.8181818127632141,0.7222222089767456,0.8614457845687866,relu,16,0.07,0.95,30
72,06/17/21-031625,06/17/21-031649,23.605696201324463,30,0.030334021896123886,0.7907761335372925,0.7553430795669556,0.8214067220687866,0.02813703753054142,0.8131313323974609,0.7323232293128967,0.8529411554336548,relu,32,0.3,0.6,30
37,06/17/21-030320,06/17/21-030407,46.751227378845215,30,0.025765875354409218,0.8245219588279724,0.7823396921157837,0.8554735779762268,0.025932015851140022,0.8030303120613098,0.7575757503509521,0.8426966071128845,relu,16,0.5,0.6,30
31,06/17/21-025923,06/17/21-030007,44.593822956085205,30,0.02845025807619095,0.7964004278182983,0.7536557912826538,0.8286951184272766,0.028304651379585266,0.7979797720909119,0.747474730014801,0.8361582159996033,relu,16,0.3,0.3,30
24,06/17/21-025423,06/17/21-025503,40.43039655685425,30,0.0286109559237957,0.7969628572463989,0.7660292387008667,0.8330275416374207,0.027673140168190002,0.7979797720909119,0.7373737096786499,0.8248587846755981,relu,16,0.09,0.95,30
54,06/17/21-031004,06/17/21-031029,24.380962133407593,30,0.02740258350968361,0.8042744398117065,0.7581552267074585,0.8494014143943787,0.02808237262070179,0.7979797720909119,0.7373737096786499,0.8342857360839844,relu,32,0.05,0.95,30
9,06/17/21-024409,06/17/21-024449,40.892313718795776,30,0.028971398249268532,0.7964004278182983,0.7575927972793579,0.8253676295280457,0.030494963750243187,0.7929292917251587,0.7828282713890076,0.820105791091919,relu,16,0.03,0.95,30
77,06/17/21-031821,06/17/21-031844,23.50157880783081,30,0.026390282437205315,0.815523087978363,0.7637795209884644,0.8551637530326843,0.028957076370716095,0.7878788113594055,0.7626262903213501,0.816216230392456,relu,32,0.5,0.6,30
64,06/17/21-031319,06/17/21-031342,23.647237539291382,30,0.02756868116557598,0.8115860223770142,0.7795275449752808,0.8359469175338745,0.03154605254530907,0.7878788113594055,0.7424242496490479,0.8258426785469055,relu,32,0.09,0.95,30
68,06/17/21-031459,06/17/21-031521,22.53682780265808,30,0.029328059405088425,0.7969628572463989,0.7559055089950562,0.8286066651344299,0.03323976323008537,0.7828282713890076,0.7424242496490479,0.7989130616188049,relu,32,0.1,0.9,30
59,06/17/21-031142,06/17/21-031209,26.959061861038208,30,0.028922343626618385,0.8003374338150024,0.7581552267074585,0.8326127529144287,0.0305477362126112,0.7828282713890076,0.7373737096786499,0.8111110925674438,relu,32,0.07,0.95,30
58,06/17/21-031119,06/17/21-031141,22.763176441192627,30,0.031576331704854965,0.7750281095504761,0.7328459024429321,0.8143749833106995,0.03148530796170235,0.7828282713890076,0.7575757503509521,0.7978723645210266,relu,32,0.07,0.9,30
18,06/17/21-025021,06/17/21-025100,39.5555956363678,30,0.03000928834080696,0.7851518392562866,0.7345331907272339,0.8297331929206848,0.0306321419775486,0.7777777910232544,0.7373737096786499,0.8202247023582458,relu,16,0.07,0.9,30
69,06/17/21-031522,06/17/21-031546,24.27082133293152,30,0.029906416311860085,0.7890888452529907,0.7446569204330444,0.8311362266540527,0.032030001282691956,0.7777777910232544,0.7676767706871033,0.7916666865348816,relu,32,0.1,0.95,30
23,06/17/21-025342,06/17/21-025423,40.46679186820984,30,0.028721394017338753,0.7992125749588013,0.7587176561355591,0.8368486166000366,0.029118981212377548,0.7777777910232544,0.7272727489471436,0.8372092843055725,relu,16,0.09,0.9,30
8,06/17/21-024327,06/17/21-024408,41.53458094596863,30,0.031519658863544464,0.7823396921157837,0.7260967493057251,0.8191624283790588,0.030773695558309555,0.7777777910232544,0.7272727489471436,0.8323699235916138,relu,16,0.03,0.9,30
28,06/17/21-025711,06/17/21-025752,41.036715507507324,30,0.026470612734556198,0.8177728056907654,0.7755905389785767,0.8517603278160095,0.030546363443136215,0.7727272510528564,0.7626262903213501,0.7947368621826172,relu,16,0.1,0.9,30
76,06/17/21-031755,06/17/21-031821,25.763293504714966,30,0.030406655743718147,0.7862766981124878,0.7418447732925415,0.8177309632301331,0.030171066522598267,0.7676767706871033,0.7272727489471436,0.822857141494751,relu,32,0.5,0.3,30
4,06/17/21-024034,06/17/21-024117,42.97470474243164,30,0.036009009927511215,0.7424072027206421,0.665354311466217,0.7839629054069519,0.03328200429677963,0.7676767706871033,0.6818181872367859,0.7988165616989136,relu,16,0.01,0.95,30
30,06/17/21-025836,06/17/21-025922,46.01489734649658,30,0.03139996901154518,0.7829021215438843,0.728908896446228,0.8150943517684937,0.029879042878746986,0.7676767706871033,0.7323232293128967,0.8238636255264282,relu,16,0.3,0.0,30
29,06/17/21-025753,06/17/21-025836,43.38203549385071,30,0.030653860419988632,0.7930258512496948,0.7350956201553345,0.8138231635093689,0.03446221724152565,0.7626262903213501,0.7171717286109924,0.7977527976036072,relu,16,0.1,0.95,30
48,06/17/21-030745,06/17/21-030807,21.28520369529724,30,0.03445587679743767,0.7536557912826538,0.7041620016098022,0.7949206233024597,0.034766122698783875,0.7575757503509521,0.6666666865348816,0.8148148059844971,relu,32,0.03,0.9,30
14,06/17/21-024731,06/17/21-024815,43.804121255874634,30,0.026977907866239548,0.8098987340927124,0.7671540975570679,0.8435373902320862,0.031203078106045723,0.752525269985199,0.7272727489471436,0.791208803653717,relu,16,0.05,0.95,30
49,06/17/21-030807,06/17/21-030830,23.075451612472534,30,0.03233977034687996,0.7750281095504761,0.7215973138809204,0.8125395774841309,0.033732108771800995,0.752525269985199,0.691919207572937,0.7784090638160706,relu,32,0.03,0.95,30
73,06/17/21-031649,06/17/21-031713,23.956528186798096,30,0.025853384286165237,0.8278965353965759,0.7947131395339966,0.8537764549255371,0.03128138557076454,0.752525269985199,0.7323232293128967,0.7967032790184021,relu,32,0.3,0.9,30
78,06/17/21-031845,06/17/21-031909,23.670006036758423,29,0.030894601717591286,0.7767153978347778,0.7300337553024292,0.8163521885871887,0.03456945717334747,0.752525269985199,0.7070707082748413,0.7777777910232544,relu,32,0.5,0.9,30
16,06/17/21-024856,06/17/21-024936,40.06874942779541,30,0.03603072464466095,0.7497187852859497,0.6968504190444946,0.7787554860115051,0.03600454702973366,0.747474730014801,0.6616161465644836,0.7844311594963074,relu,16,0.07,0.3,30
33,06/17/21-030050,06/17/21-030138,48.23156428337097,30,0.029613185673952103,0.7913385629653931,0.7502812147140503,0.8204181790351868,0.033655811101198196,0.747474730014801,0.7222222089767456,0.7771739363670349,relu,16,0.3,0.9,30
63,06/17/21-031259,06/17/21-031318,19.26460337638855,22,0.032786350697278976,0.7750281095504761,0.7249718904495239,0.8051217794418335,0.03341113403439522,0.7424242496490479,0.691919207572937,0.7965116500854492,relu,32,0.09,0.9,30
75,06/17/21-031732,06/17/21-031754,22.4215247631073,30,0.032186008989810944,0.7755905389785767,0.7328459024429321,0.8078115582466125,0.03300642594695091,0.7424242496490479,0.691919207572937,0.7784090638160706,relu,32,0.5,0.0,30
53,06/17/21-030940,06/17/21-031004,23.746203422546387,28,0.03410017490386963,0.7559055089950562,0.6968504190444946,0.7916932702064514,0.03646594658493996,0.7424242496490479,0.691919207572937,0.7696629166603088,relu,32,0.05,0.9,30
26,06/17/21-025545,06/17/21-025627,42.543970346450806,30,0.03703632950782776,0.7322834730148315,0.6698537468910217,0.7708737850189209,0.03581412509083748,0.7424242496490479,0.6969696879386902,0.7709497213363647,relu,16,0.1,0.3,30
17,06/17/21-024937,06/17/21-025020,43.44487118721008,30,0.03484722599387169,0.7497187852859497,0.6957255601882935,0.787898063659668,0.03586403653025627,0.7373737096786499,0.6616161465644836,0.8136646151542664,relu,16,0.07,0.6,30
21,06/17/21-025222,06/17/21-025302,40.3436233997345,30,0.038955215364694595,0.7165354490280151,0.6394825577735901,0.7569906711578369,0.03815603256225586,0.7323232293128967,0.6666666865348816,0.7374301552772522,relu,16,0.09,0.3,30
67,06/17/21-031433,06/17/21-031459,25.636728048324585,30,0.03704353794455528,0.738470196723938,0.6839144825935364,0.7774935960769653,0.03737892583012581,0.7323232293128967,0.6565656661987305,0.7878788113594055,relu,32,0.1,0.6,30
35,06/17/21-030159,06/17/21-030243,43.56235933303833,30,0.03059598244726658,0.7829021215438843,0.7260967493057251,0.8196825385093689,0.03708746284246445,0.7323232293128967,0.6616161465644836,0.7616279125213623,relu,16,0.5,0.0,30
70,06/17/21-031546,06/17/21-031609,22.78505516052246,30,0.03784755617380142,0.7215973138809204,0.665354311466217,0.7578475475311279,0.037785664200782776,0.7323232293128967,0.6414141654968262,0.7743902206420898,relu,32,0.3,0.0,30
12,06/17/21-024605,06/17/21-024648,42.330551624298096,30,0.03727054223418236,0.7255343198776245,0.6569178700447083,0.7679158449172974,0.03681287541985512,0.7272727489471436,0.6212121248245239,0.740963876247406,relu,16,0.05,0.6,30
36,06/17/21-030243,06/17/21-030319,36.21121692657471,23,0.029169239103794098,0.7919009923934937,0.7435320615768433,0.8257339000701904,0.03673141822218895,0.7171717286109924,0.7070707082748413,0.7291666865348816,relu,16,0.5,0.3,30
44,06/17/21-030628,06/17/21-030656,27.87971305847168,30,0.03773212432861328,0.7345331907272339,0.6867266297340393,0.7583851218223572,0.03747145086526871,0.7121211886405945,0.6363636255264282,0.759036123752594,relu,32,0.01,0.95,30
6,06/17/21-024159,06/17/21-024241,41.58871388435364,30,0.04319778457283974,0.6777277588844299,0.6231721043586731,0.7061823010444641,0.04225479066371918,0.7020202279090881,0.6616161465644836,0.7277777791023254,relu,16,0.03,0.3,30
27,06/17/21-025628,06/17/21-025711,42.906442642211914,30,0.03153423219919205,0.7823396921157837,0.7395950555801392,0.8198254108428955,0.038658350706100464,0.7020202279090881,0.6616161465644836,0.7401130199432373,relu,16,0.1,0.6,30
25,06/17/21-025504,06/17/21-025544,40.24132990837097,30,0.03915068507194519,0.7193475961685181,0.6631045937538147,0.7572254538536072,0.038583554327487946,0.7020202279090881,0.6414141654968262,0.7696969509124756,relu,16,0.1,0.0,30
66,06/17/21-031408,06/17/21-031432,23.89702010154724,30,0.0418388731777668,0.684476912021637,0.6276715397834778,0.7200000286102295,0.04106784984469414,0.7020202279090881,0.6010100841522217,0.74842768907547,relu,32,0.1,0.3,30
3,06/17/21-023953,06/17/21-024034,41.15006136894226,30,0.038138844072818756,0.7339707612991333,0.6709786057472229,0.7662171125411987,0.03998561203479767,0.7020202279090881,0.6161616444587708,0.7484662532806396,relu,16,0.01,0.9,30
20,06/17/21-025142,06/17/21-025221,39.67855644226074,30,0.038573797792196274,0.7255343198776245,0.6676040291786194,0.7653127312660217,0.04254980385303497,0.6969696879386902,0.6161616444587708,0.7439024448394775,relu,16,0.09,0.0,30
71,06/17/21-031610,06/17/21-031625,15.386754989624023,20,0.039779651910066605,0.7097862958908081,0.6411698460578918,0.7465618848800659,0.04112980514764786,0.691919207572937,0.6464646458625793,0.7111111283302307,relu,32,0.3,0.3,30
52,06/17/21-030916,06/17/21-030939,23.633769989013672,30,0.04239373654127121,0.6872890591621399,0.6085489392280579,0.7227789163589478,0.0411502905189991,0.691919207572937,0.6414141654968262,0.7215909361839294,relu,32,0.05,0.6,30
22,06/17/21-025303,06/17/21-025342,39.209081411361694,30,0.03218358755111694,0.7722159624099731,0.722159743309021,0.8167939186096191,0.0416550450026989,0.691919207572937,0.6767676472663879,0.7052631378173828,relu,16,0.09,0.6,30
65,06/17/21-031343,06/17/21-031408,24.937145471572876,30,0.04080396145582199,0.7080990076065063,0.6524184346199036,0.7369758486747742,0.04089753329753876,0.6868686676025391,0.6262626051902771,0.7515151500701904,relu,32,0.1,0.0,30
11,06/17/21-024524,06/17/21-024605,41.40720534324646,30,0.040841277688741684,0.6934758424758911,0.6271091103553772,0.7287581562995911,0.04259954020380974,0.6818181872367859,0.5555555820465088,0.7801418304443359,relu,16,0.05,0.3,30
15,06/17/21-024815,06/17/21-024856,40.919528007507324,30,0.040350012481212616,0.7092238664627075,0.6524184346199036,0.7459806799888611,0.041937436908483505,0.6818181872367859,0.6212121248245239,0.7235293984413147,relu,16,0.07,0.0,30
7,06/17/21-024241,06/17/21-024326,45.19111895561218,30,0.0400582030415535,0.7075365781784058,0.6439819931983948,0.7439895868301392,0.04125455021858215,0.6767676472663879,0.6565656661987305,0.7182320356369019,relu,16,0.03,0.6,30
56,06/17/21-031048,06/17/21-031103,14.107083320617676,18,0.04577721282839775,0.6529808640480042,0.5838020443916321,0.6892430186271667,0.044731538742780685,0.6717171669006348,0.6060606241226196,0.7228915691375732,relu,32,0.07,0.3,30
5,06/17/21-024118,06/17/21-024159,40.98075342178345,30,0.04587382450699806,0.6563554406166077,0.5646794438362122,0.6895604133605957,0.04429246857762337,0.6717171669006348,0.5656565427780151,0.695652186870575,relu,16,0.03,0.0,30
61,06/17/21-031224,06/17/21-031241,17.471044301986694,24,0.04294661805033684,0.6861642003059387,0.6203599572181702,0.7162337899208069,0.042153533548116684,0.6717171669006348,0.6161616444587708,0.726190447807312,relu,32,0.09,0.3,30
51,06/17/21-030852,06/17/21-030915,23.006451845169067,30,0.045238886028528214,0.6687288880348206,0.6040495038032532,0.6969500184059143,0.044815655797719955,0.6717171669006348,0.6010100841522217,0.6761363744735718,relu,32,0.05,0.3,30
2,06/17/21-023911,06/17/21-023952,41.262192249298096,30,0.04581640288233757,0.6614173054695129,0.5725534558296204,0.6991758346557617,0.04559628665447235,0.6666666865348816,0.5353535413742065,0.6883116960525513,relu,16,0.01,0.6,30
43,06/17/21-030600,06/17/21-030627,26.894381046295166,30,0.042187247425317764,0.6923509836196899,0.6439819931983948,0.7205789685249329,0.04327606037259102,0.6666666865348816,0.6111111044883728,0.6994219422340393,relu,32,0.01,0.9,30
57,06/17/21-031103,06/17/21-031118,15.40555715560913,20,0.04127361252903938,0.6940382719039917,0.6361079812049866,0.734415590763092,0.042886391282081604,0.6616161465644836,0.5909090638160706,0.7005987763404846,relu,32,0.07,0.6,30
47,06/17/21-030728,06/17/21-030745,17.10446810722351,17,0.04703753441572189,0.645106852054596,0.5663667321205139,0.6776581406593323,0.0461595356464386,0.6616161465644836,0.5808081030845642,0.6927710771560669,relu,32,0.03,0.6,30
10,06/17/21-024450,06/17/21-024523,33.374025106430054,23,0.04364369437098503,0.6760404706001282,0.6017997860908508,0.7142857313156128,0.04598066583275795,0.6515151262283325,0.5353535413742065,0.6928104758262634,relu,16,0.05,0.0,30
55,06/17/21-031029,06/17/21-031048,18.97840118408203,26,0.0453219935297966,0.6642294526100159,0.5978627800941467,0.6956806182861328,0.04398376867175102,0.6464646458625793,0.5707070827484131,0.6975308656692505,relu,32,0.07,0.0,30
62,06/17/21-031242,06/17/21-031259,16.88347864151001,21,0.04199684038758278,0.6917885541915894,0.6237345337867737,0.7205978035926819,0.04599441960453987,0.6414141654968262,0.631313145160675,0.6613756418228149,relu,32,0.09,0.6,30
60,06/17/21-031209,06/17/21-031224,14.491474151611328,19,0.04567750170826912,0.6636670231819153,0.602924644947052,0.6979166865348816,0.046159207820892334,0.6414141654968262,0.5808081030845642,0.7012194991111755,relu,32,0.09,0.0,30
42,06/17/21-030537,06/17/21-030600,23.022156476974487,21,0.052363622933626175,0.5888639092445374,0.460067480802536,0.6258607506752014,0.050090450793504715,0.6414141654968262,0.46464645862579346,0.6764705777168274,relu,32,0.01,0.6,30
50,06/17/21-030830,06/17/21-030852,21.456339597702026,30,0.048873171210289,0.6271091103553772,0.5174353122711182,0.659971296787262,0.04811295121908188,0.6414141654968262,0.4191919267177582,0.7217391133308411,relu,32,0.05,0.0,30
41,06/17/21-030507,06/17/21-030536,29.23273277282715,30,0.05298551172018051,0.5742407441139221,0.4555680453777313,0.6103994250297546,0.05126035213470459,0.631313145160675,0.5151515007019043,0.6891891956329346,relu,32,0.01,0.3,30
1,06/17/21-023829,06/17/21-023911,41.91873621940613,30,0.05032156780362129,0.6147356629371643,0.5039370059967041,0.6413743495941162,0.04829271510243416,0.6262626051902771,0.5454545617103577,0.675000011920929,relu,16,0.01,0.3,30
45,06/17/21-030656,06/17/21-030714,17.510923862457275,18,0.05168448016047478,0.5984252095222473,0.47019124031066895,0.6160648465156555,0.05068151280283928,0.6262626051902771,0.469696968793869,0.6888889074325562,relu,32,0.03,0.0,30
0,06/17/21-023807,06/17/21-023829,21.605647087097168,15,0.05373768508434296,0.5804274678230286,0.42575928568840027,0.6085209250450134,0.051114920526742935,0.6212121248245239,0.4595959484577179,0.6842105388641357,relu,16,0.01,0.0,30
40,06/17/21-030448,06/17/21-030507,18.67061710357666,17,0.058520037680864334,0.5213723182678223,0.3211473524570465,0.5474592447280884,0.05483009293675423,0.6010100841522217,0.18686868250370026,0.6491228342056274,relu,32,0.01,0.0,30
46,06/17/21-030714,06/17/21-030727,13.262631177902222,12,0.05305682122707367,0.5686164498329163,0.43925759196281433,0.6030887961387634,0.051579806953668594,0.6010100841522217,0.4595959484577179,0.6842105388641357,relu,32,0.03,0.3,30
74,06/17/21-031714,06/17/21-031732,17.732040405273438,14,0.05517151206731796,0.5078740119934082,0.2581552267074585,0.542553186416626,0.056729756295681,0.5202020406723022,0.5202020406723022,0.5202020406723022,relu,32,0.3,0.95,30
39,06/17/21-030428,06/17/21-030448,19.35473918914795,11,0.05587306246161461,0.4718785285949707,0.2789651155471802,0.48963475227355957,0.0570816844701767,0.5202020406723022,0.5202020406723022,0.5202020406723022,relu,16,0.5,0.95,30
38,06/17/21-030407,06/17/21-030428,20.71707010269165,11,0.09887517988681793,0.5056242942810059,0.5056242942810059,0.5056242942810059,0.09595959633588791,0.5202020406723022,0.5202020406723022,0.5202020406723022,relu,16,0.5,0.9,30
34,06/17/21-030139,06/17/21-030159,20.002310752868652,11,0.09887515753507614,0.5056242942810059,0.5056242942810059,0.5056242942810059,0.09595959633588791,0.5202020406723022,0.5202020406723022,0.5202020406723022,relu,16,0.3,0.95,30
79,06/17/21-031909,06/17/21-031919,10.4369797706604,11,0.05571656674146652,0.4915635585784912,0.21991001069545746,0.5158311128616333,0.05735307186841965,0.5202020406723022,0.0,0.0,relu,32,0.5,0.95,30
