,start,end,duration,round_epochs,loss,accuracy,recall,precision,val_loss,val_accuracy,val_recall,val_precision,act_fn,batch_size,client_lr,client_momentum,epochs
23,06/22/21-133941,06/22/21-134016,35.152974367141724,30,0.07127828150987625,0.42031747102737427,0.1847619116306305,0.6510066986083984,0.0712231695652008,0.4342857003211975,0.22285714745521545,0.609375,relu,16,0.09,0.9,30
37,06/22/21-134739,06/22/21-134818,39.05981636047363,30,0.07005760073661804,0.43111109733581543,0.2165079414844513,0.6634241342544556,0.0705956518650055,0.4000000059604645,0.18857142329216003,0.717391312122345,relu,16,0.5,0.6,30
19,06/22/21-133717,06/22/21-133753,36.15751051902771,30,0.0716480240225792,0.42095237970352173,0.19365079700946808,0.6573275923728943,0.07159915566444397,0.3942857086658478,0.20571428537368774,0.6666666865348816,relu,16,0.07,0.95,30
73,06/22/21-140133,06/22/21-140202,28.945342540740967,30,0.07463676482439041,0.36761903762817383,0.1384126991033554,0.6300578117370605,0.07448885589838028,0.38857144117355347,0.11428571492433548,0.5714285969734192,relu,32,0.3,0.9,30
9,06/22/21-133130,06/22/21-133206,35.55586814880371,30,0.07143263518810272,0.4298412799835205,0.190476194024086,0.6437768340110779,0.07437270879745483,0.38285714387893677,0.17142857611179352,0.5,relu,16,0.03,0.95,30
29,06/22/21-134317,06/22/21-134352,34.87875938415527,30,0.07333064079284668,0.38476189970970154,0.1574603170156479,0.6262626051902771,0.07361967116594315,0.36571428179740906,0.1371428519487381,0.6857143044471741,relu,16,0.1,0.95,30
68,06/22/21-135933,06/22/21-135958,24.95627737045288,30,0.07339674234390259,0.40190476179122925,0.1644444465637207,0.619617223739624,0.07319872081279755,0.36571428179740906,0.1542857140302658,0.6428571343421936,relu,32,0.1,0.9,30
14,06/22/21-133428,06/22/21-133503,34.984917640686035,30,0.07227906584739685,0.4025396704673767,0.17523810267448425,0.6388888955116272,0.07338666915893555,0.36000001430511475,0.16571427881717682,0.6590909361839294,relu,16,0.05,0.95,30
78,06/22/21-140347,06/22/21-140418,30.842134952545166,30,0.0749126747250557,0.3790476322174072,0.1257142871618271,0.6346153616905212,0.07393300533294678,0.35428571701049805,0.23428571224212646,0.5694444179534912,relu,32,0.5,0.9,30
8,06/22/21-133051,06/22/21-133130,39.25181531906128,30,0.0760202631354332,0.36698412895202637,0.12317460030317307,0.6119873523712158,0.07464972138404846,0.35428571701049805,0.1428571492433548,0.78125,relu,16,0.03,0.9,30
28,06/22/21-134240,06/22/21-134316,36.85703706741333,30,0.07052958756685257,0.42031747102737427,0.201904758810997,0.6723044514656067,0.0742049515247345,0.35428571701049805,0.2514285743236542,0.5714285969734192,relu,16,0.1,0.9,30
24,06/22/21-134017,06/22/21-134052,35.011512756347656,30,0.0731320008635521,0.4126984179019928,0.1688888818025589,0.6378896832466125,0.07494345307350159,0.35428571701049805,0.16571427881717682,0.5686274766921997,relu,16,0.09,0.95,30
31,06/22/21-134427,06/22/21-134502,35.7221462726593,30,0.07319796830415726,0.40888887643814087,0.14793650805950165,0.6472222208976746,0.07588481903076172,0.34857141971588135,0.16571427881717682,0.5799999833106995,relu,16,0.3,0.3,30
54,06/22/21-135348,06/22/21-135416,28.288655281066895,30,0.0756487250328064,0.35873016715049744,0.1269841343164444,0.6329113841056824,0.07514739781618118,0.34857141971588135,0.10285714268684387,0.75,relu,32,0.05,0.95,30
53,06/22/21-135321,06/22/21-135348,26.82240390777588,30,0.07733888179063797,0.34857141971588135,0.10158730298280716,0.6106870174407959,0.07576756924390793,0.34857141971588135,0.11999999731779099,0.6363636255264282,relu,32,0.05,0.9,30
27,06/22/21-134203,06/22/21-134239,35.6289598941803,30,0.07814058661460876,0.3365079462528229,0.09142857044935226,0.5950413346290588,0.07591663300991058,0.34857141971588135,0.07428571581840515,0.5909090638160706,relu,16,0.1,0.6,30
18,06/22/21-133641,06/22/21-133717,36.22278904914856,30,0.07188244163990021,0.41904762387275696,0.18095238506793976,0.6375839114189148,0.07337068021297455,0.34857141971588135,0.1542857140302658,0.675000011920929,relu,16,0.07,0.9,30
33,06/22/21-134538,06/22/21-134614,35.58429026603699,30,0.06916619092226028,0.4444444477558136,0.2393650859594345,0.6842105388641357,0.07920827716588974,0.34285715222358704,0.20571428537368774,0.5454545617103577,relu,16,0.3,0.9,30
35,06/22/21-134631,06/22/21-134700,29.265607118606567,23,0.07586249709129333,0.3765079379081726,0.11873015761375427,0.6051779985427856,0.07688345015048981,0.33714285492897034,0.07999999821186066,0.5833333134651184,relu,16,0.5,0.0,30
64,06/22/21-135749,06/22/21-135815,26.23043966293335,30,0.07193200290203094,0.41904762387275696,0.1688888818025589,0.6650000214576721,0.07640393823385239,0.33714285492897034,0.11428571492433548,0.5263158082962036,relu,32,0.09,0.95,30
13,06/22/21-133352,06/22/21-133428,35.45738625526428,30,0.07301008701324463,0.4000000059604645,0.15619046986103058,0.6439790725708008,0.07542087882757187,0.33714285492897034,0.08571428805589676,0.625,relu,16,0.05,0.9,30
59,06/22/21-135539,06/22/21-135605,26.116419315338135,30,0.07369748502969742,0.37714284658432007,0.16380952298641205,0.6564885377883911,0.0741412416100502,0.33714285492897034,0.17142857611179352,0.625,relu,32,0.07,0.95,30
69,06/22/21-135958,06/22/21-140020,22.2937753200531,25,0.07605372369289398,0.36126983165740967,0.10730158537626266,0.6236162185668945,0.07685656100511551,0.33714285492897034,0.11428571492433548,0.625,relu,32,0.1,0.95,30
72,06/22/21-140113,06/22/21-140133,19.389690160751343,22,0.07704971730709076,0.3631746172904968,0.10984127223491669,0.64552241563797,0.07597470283508301,0.3257142901420593,0.10857142508029938,0.5757575631141663,relu,32,0.3,0.6,30
63,06/22/21-135719,06/22/21-135749,29.78145408630371,30,0.0741894543170929,0.3866666555404663,0.13587301969528198,0.6331360936164856,0.07599569112062454,0.3257142901420593,0.1314285695552826,0.574999988079071,relu,32,0.09,0.9,30
48,06/22/21-135139,06/22/21-135207,28.233348608016968,30,0.08021903783082962,0.31365078687667847,0.06158730015158653,0.5511363744735718,0.07829595357179642,0.3257142901420593,0.09714286029338837,0.6800000071525574,relu,32,0.03,0.9,30
49,06/22/21-135207,06/22/21-135231,23.7409451007843,30,0.07726606726646423,0.3561904728412628,0.09714286029338837,0.5884615182876587,0.0770176500082016,0.3199999928474426,0.11999999731779099,0.5833333134651184,relu,32,0.03,0.95,30
58,06/22/21-135512,06/22/21-135539,26.729071855545044,30,0.07660050690174103,0.3631746172904968,0.1111111119389534,0.625,0.07656912505626678,0.3199999928474426,0.10285714268684387,0.5806451439857483,relu,32,0.07,0.9,30
76,06/22/21-140251,06/22/21-140319,27.78153705596924,30,0.07669340819120407,0.3574603199958801,0.1168253943324089,0.5954692363739014,0.07813241332769394,0.3199999928474426,0.16571427881717682,0.5918367505073547,relu,32,0.5,0.3,30
3,06/22/21-132752,06/22/21-132833,40.455207109451294,30,0.081527940928936,0.28952381014823914,0.0476190485060215,0.5859375,0.07956275343894958,0.3199999928474426,0.06285714358091354,0.6470588445663452,relu,16,0.01,0.9,30
77,06/22/21-140319,06/22/21-140347,27.72693705558777,30,0.07271680980920792,0.4025396704673767,0.15936507284641266,0.6419437527656555,0.07882462441921234,0.3199999928474426,0.1371428519487381,0.47058823704719543,relu,32,0.5,0.6,30
36,06/22/21-134701,06/22/21-134739,37.99493741989136,30,0.07262938469648361,0.42222222685813904,0.17523810267448425,0.6555819511413574,0.07529217004776001,0.3199999928474426,0.17714285850524902,0.5344827771186829,relu,16,0.5,0.3,30
70,06/22/21-140021,06/22/21-140046,25.1775963306427,30,0.08064959198236465,0.3085714280605316,0.06603174656629562,0.584269642829895,0.07896128296852112,0.3142857253551483,0.022857142612338066,0.6666666865348816,relu,32,0.3,0.0,30
17,06/22/21-133603,06/22/21-133640,37.21540403366089,30,0.07992519438266754,0.3073015809059143,0.06412698328495026,0.5771428346633911,0.07738067209720612,0.3142857253551483,0.07428571581840515,0.7222222089767456,relu,16,0.07,0.6,30
22,06/22/21-133906,06/22/21-133941,35.35166382789612,30,0.07749297469854355,0.3549206256866455,0.09904761612415314,0.6000000238418579,0.0777755007147789,0.3142857253551483,0.09714286029338837,0.6296296119689941,relu,16,0.09,0.6,30
71,06/22/21-140046,06/22/21-140113,26.324084758758545,30,0.07764402031898499,0.3466666638851166,0.10349206626415253,0.6174242496490479,0.0781906396150589,0.3085714280605316,0.07999999821186066,0.6666666865348816,relu,32,0.3,0.3,30
67,06/22/21-135907,06/22/21-135932,25.111204385757446,30,0.0799848735332489,0.3161904811859131,0.06730158627033234,0.6022727489471436,0.07959149032831192,0.3085714280605316,0.02857142873108387,0.8333333134651184,relu,32,0.1,0.6,30
32,06/22/21-134503,06/22/21-134538,35.23321771621704,30,0.06979464739561081,0.44380950927734375,0.21587301790714264,0.6601941585540771,0.07850394397974014,0.3085714280605316,0.1542857140302658,0.5625,relu,16,0.3,0.6,30
30,06/22/21-134352,06/22/21-134426,34.14630103111267,30,0.0770186111330986,0.3517460227012634,0.10730158537626266,0.5971731543540955,0.07726781815290451,0.3028571307659149,0.06285714358091354,0.6470588445663452,relu,16,0.3,0.0,30
26,06/22/21-134127,06/22/21-134203,36.064297676086426,30,0.08061159402132034,0.30095237493515015,0.05904762074351311,0.5776397585868835,0.07767603546380997,0.3028571307659149,0.09142857044935226,0.695652186870575,relu,16,0.1,0.3,30
74,06/22/21-140202,06/22/21-140226,24.052974462509155,26,0.07800226658582687,0.3276190459728241,0.09904761612415314,0.6215139627456665,0.07929118722677231,0.2971428632736206,0.022857142612338066,0.800000011920929,relu,32,0.3,0.95,30
20,06/22/21-133754,06/22/21-133829,35.18109321594238,30,0.08357357978820801,0.2628571391105652,0.029841270297765732,0.5280898809432983,0.08173923194408417,0.2914285659790039,0.011428571306169033,1.0,relu,16,0.09,0.0,30
4,06/22/21-132834,06/22/21-132914,40.83603072166443,30,0.08209080994129181,0.2939682602882385,0.057777777314186096,0.5515151619911194,0.08138255774974823,0.2857142984867096,0.04571428522467613,0.800000011920929,relu,16,0.01,0.95,30
12,06/22/21-133317,06/22/21-133352,35.19391393661499,30,0.08150144666433334,0.2933333218097687,0.04634920507669449,0.5407407283782959,0.08041857928037643,0.2800000011920929,0.07999999821186066,0.7368420958518982,relu,16,0.05,0.6,30
62,06/22/21-135650,06/22/21-135718,28.366331577301025,30,0.08140202611684799,0.29079365730285645,0.04444444552063942,0.5691056847572327,0.0803692415356636,0.2742857038974762,0.034285712987184525,0.8571428656578064,relu,32,0.09,0.6,30
44,06/22/21-135029,06/22/21-135053,24.192036628723145,30,0.08261004835367203,0.2812698483467102,0.03999999910593033,0.5338982939720154,0.08036476373672485,0.2742857038974762,0.022857142612338066,0.6666666865348816,relu,32,0.01,0.95,30
7,06/22/21-133011,06/22/21-133050,38.713401079177856,30,0.08353575319051743,0.2685714364051819,0.02857142873108387,0.5232558250427246,0.08114174008369446,0.2685714364051819,0.034285712987184525,1.0,relu,16,0.03,0.6,30
75,06/22/21-140227,06/22/21-140250,23.79768204689026,29,0.07850882411003113,0.3346031606197357,0.08698412775993347,0.6008771657943726,0.08146911859512329,0.2514285743236542,0.07999999821186066,0.5833333134651184,relu,32,0.5,0.0,30
25,06/22/21-134052,06/22/21-134127,34.40225410461426,30,0.08325605094432831,0.28063490986824036,0.029841270297765732,0.4895833432674408,0.08104544132947922,0.2514285743236542,0.03999999910593033,0.7777777910232544,relu,16,0.1,0.0,30
15,06/22/21-133503,06/22/21-133538,34.61654472351074,30,0.08295236527919769,0.26476189494132996,0.029206348583102226,0.5822784900665283,0.08415109664201736,0.2514285743236542,0.011428571306169033,1.0,relu,16,0.07,0.0,30
66,06/22/21-135841,06/22/21-135907,25.487730741500854,30,0.08344750851392746,0.26920634508132935,0.034285712987184525,0.5400000214576721,0.08195610344409943,0.2514285743236542,0.022857142612338066,1.0,relu,32,0.1,0.3,30
57,06/22/21-135445,06/22/21-135511,26.689399242401123,30,0.08367887139320374,0.2673015892505646,0.024126984179019928,0.5588235259056091,0.08217035233974457,0.23999999463558197,0.034285712987184525,0.6666666865348816,relu,32,0.07,0.6,30
38,06/22/21-134819,06/22/21-134859,40.69081497192383,30,0.08054493367671967,0.29777777194976807,0.08761905133724213,0.5542168617248535,0.08511653542518616,0.23999999463558197,0.08571428805589676,0.3333333432674408,relu,16,0.5,0.9,30
21,06/22/21-133829,06/22/21-133905,35.68379211425781,30,0.08206774294376373,0.283174604177475,0.045079365372657776,0.6068376302719116,0.08143123239278793,0.23428571224212646,0.04571428522467613,0.5,relu,16,0.09,0.3,30
60,06/22/21-135606,06/22/21-135632,25.89714288711548,30,0.08513079583644867,0.22539682686328888,0.022857142612338066,0.5714285969734192,0.08438190817832947,0.23428571224212646,0.011428571306169033,1.0,relu,32,0.09,0.0,30
16,06/22/21-133538,06/22/21-133603,24.198681354522705,19,0.08517995476722717,0.22476190328598022,0.011428571306169033,0.44999998807907104,0.08424299210309982,0.22857142984867096,0.017142856493592262,0.4285714328289032,relu,16,0.07,0.3,30
11,06/22/21-133241,06/22/21-133316,35.593140840530396,30,0.08408173173666,0.24888889491558075,0.014603174291551113,0.4423076808452606,0.08419933170080185,0.22285714745521545,0.03999999910593033,0.3499999940395355,relu,16,0.05,0.3,30
79,06/22/21-140419,06/22/21-140447,27.886090755462646,30,0.08367123454809189,0.2641269862651825,0.04253968223929405,0.4652777910232544,0.0814039334654808,0.22285714745521545,0.07428571581840515,0.5416666865348816,relu,32,0.5,0.95,30
6,06/22/21-132935,06/22/21-133011,35.882797956466675,30,0.0863020271062851,0.1974603235721588,0.012698412872850895,0.4761904776096344,0.08478211611509323,0.21142856776714325,0.0057142856530845165,1.0,relu,16,0.03,0.3,30
43,06/22/21-135006,06/22/21-135028,22.402697563171387,30,0.08498184382915497,0.24507936835289001,0.019682539626955986,0.5535714030265808,0.0847788006067276,0.21142856776714325,0.017142856493592262,0.6000000238418579,relu,32,0.01,0.9,30
10,06/22/21-133206,06/22/21-133240,34.10551404953003,29,0.0849660113453865,0.2393650859594345,0.02539682574570179,0.6451612710952759,0.08392176777124405,0.20571428537368774,0.03999999910593033,0.6363636255264282,relu,16,0.05,0.0,30
65,06/22/21-135816,06/22/21-135841,25.429020881652832,30,0.08493594825267792,0.2279365062713623,0.020317459478974342,0.581818163394928,0.0839373916387558,0.20571428537368774,0.011428571306169033,1.0,relu,32,0.1,0.0,30
52,06/22/21-135255,06/22/21-135320,25.138774156570435,30,0.08495929092168808,0.22984127700328827,0.02222222276031971,0.5384615659713745,0.08678065985441208,0.20000000298023224,0.0057142856530845165,1.0,relu,32,0.05,0.6,30
2,06/22/21-132710,06/22/21-132752,42.356178760528564,30,0.08586539328098297,0.20444443821907043,0.013968253508210182,0.550000011920929,0.08518441766500473,0.20000000298023224,0.0057142856530845165,1.0,relu,16,0.01,0.6,30
61,06/22/21-135632,06/22/21-135649,16.88363218307495,18,0.08639153093099594,0.2006349265575409,0.010793650522828102,0.44736841320991516,0.0865422785282135,0.18857142329216003,0.011428571306169033,1.0,relu,32,0.09,0.3,30
0,06/22/21-132629,06/22/21-132648,19.24767565727234,13,0.09000441431999207,0.11047618836164474,0.0,0.0,0.08946959674358368,0.11999999731779099,0.0,0.0,relu,16,0.01,0.0,30
46,06/22/21-135108,06/22/21-135124,15.101184368133545,15,0.08903151750564575,0.15619046986103058,0.0,0.0,0.08875856548547745,0.11428571492433548,0.0,0.0,relu,32,0.03,0.3,30
47,06/22/21-135124,06/22/21-135138,14.276323556900024,15,0.0891503393650055,0.1441269814968109,0.0,0.0,0.08901814371347427,0.10857142508029938,0.0,0.0,relu,32,0.03,0.6,30
42,06/22/21-134953,06/22/21-135006,13.172625303268433,14,0.08963584899902344,0.11936508119106293,0.0,0.0,0.08956350386142731,0.10857142508029938,0.0,0.0,relu,32,0.01,0.6,30
41,06/22/21-134940,06/22/21-134952,11.722560405731201,12,0.09035111963748932,0.10857142508029938,0.0,0.0,0.0900256410241127,0.09714286029338837,0.0,0.0,relu,32,0.01,0.3,30
1,06/22/21-132648,06/22/21-132709,21.081501007080078,11,0.09002801030874252,0.11047618836164474,0.0,0.0,0.0897674411535263,0.09714286029338837,0.0,0.0,relu,16,0.01,0.3,30
51,06/22/21-135242,06/22/21-135255,12.372944831848145,11,0.08915480971336365,0.1441269814968109,0.0,0.0,0.08916123956441879,0.09142857044935226,0.0,0.0,relu,32,0.05,0.3,30
45,06/22/21-135053,06/22/21-135108,14.712145805358887,11,0.08995591104030609,0.11999999731779099,0.0,0.0,0.0898987352848053,0.09142857044935226,0.0,0.0,relu,32,0.03,0.0,30
55,06/22/21-135417,06/22/21-135432,15.16814398765564,12,0.08973300457000732,0.1066666692495346,0.0,0.0,0.0895603746175766,0.08571428805589676,0.0,0.0,relu,32,0.07,0.0,30
50,06/22/21-135231,06/22/21-135242,10.42744517326355,11,0.08966847509145737,0.13460317254066467,0.0,0.0,0.08934907615184784,0.08571428805589676,0.0,0.0,relu,32,0.05,0.0,30
39,06/22/21-134900,06/22/21-134929,29.032925605773926,23,0.08997204899787903,0.10793650895357132,0.0,0.0,0.09039834141731262,0.08571428805589676,0.0,0.0,relu,16,0.5,0.95,30
5,06/22/21-132915,06/22/21-132935,19.719226121902466,11,0.08963163197040558,0.13206349313259125,0.0,0.0,0.08936705440282822,0.08571428805589676,0.0,0.0,relu,16,0.03,0.0,30
40,06/22/21-134929,06/22/21-134940,10.635085105895996,11,0.09041593223810196,0.10476190596818924,0.0,0.0,0.08999961614608765,0.08571428805589676,0.0,0.0,relu,32,0.01,0.0,30
56,06/22/21-135432,06/22/21-135444,12.280950546264648,11,0.08881819248199463,0.14476190507411957,0.0,0.0,0.0882006287574768,0.07999999821186066,0.0,0.0,relu,32,0.07,0.3,30
34,06/22/21-134614,06/22/21-134631,16.24504542350769,12,0.08887545764446259,0.16952380537986755,0.004444444552063942,0.3499999940395355,0.0903945341706276,0.07999999821186066,0.0,0.0,relu,16,0.3,0.95,30
