,start,end,duration,round_epochs,loss,accuracy,recall,precision,val_loss,val_accuracy,val_recall,val_precision,act_fn,batch_size,client_lr,client_momentum,epochs
39,07/01/21-194056,07/01/21-194359,183.403977394104,29,0.0036777069326490164,0.8480713367462158,0.8214610815048218,0.8796824216842651,0.005313343368470669,0.7855096459388733,0.7458043098449707,0.8199819922447205,relu,16,0.5,0.95,30
34,07/01/21-192605,07/01/21-192818,133.210777759552,21,0.003777675796300173,0.8416121006011963,0.8124090433120728,0.8771671056747437,0.005357031244784594,0.7744576334953308,0.7408923506736755,0.815315306186676,relu,16,0.3,0.95,30
74,07/01/21-202658,07/01/21-202842,103.91208815574646,30,0.0036943962331861258,0.8460243940353394,0.8190047144889832,0.8908956050872803,0.005659697111696005,0.7666803002357483,0.7466229796409607,0.8049426078796387,relu,32,0.3,0.95,30
33,07/01/21-192254,07/01/21-192604,190.60445928573608,30,0.003726166905835271,0.8461608290672302,0.820460319519043,0.8858602046966553,0.005629747174680233,0.7666803002357483,0.733115017414093,0.8096745014190674,relu,16,0.3,0.9,30
79,07/01/21-203537,07/01/21-203656,79.71479368209839,23,0.0038935828488320112,0.8375182151794434,0.8064501285552979,0.8811630010604858,0.005609353072941303,0.7654523253440857,0.7449856996536255,0.8007039427757263,relu,32,0.5,0.95,30
29,07/01/21-191014,07/01/21-191324,190.50984382629395,30,0.0038152881897985935,0.8427037596702576,0.813819169998169,0.881677508354187,0.005582802463322878,0.7638149857521057,0.7224723696708679,0.8129894137382507,relu,16,0.1,0.95,30
38,07/01/21-193745,07/01/21-194055,189.71086525917053,30,0.0035816761665046215,0.8503912091255188,0.8256004452705383,0.8863170146942139,0.00552283925935626,0.7568563222885132,0.730659008026123,0.8113636374473572,relu,16,0.5,0.9,30
78,07/01/21-203352,07/01/21-203536,103.74656367301941,30,0.0039057505782693624,0.8362900018692017,0.8094523549079895,0.8818573951721191,0.005818790756165981,0.750307023525238,0.7122390270233154,0.8096789121627808,relu,32,0.5,0.9,30
73,07/01/21-202515,07/01/21-202658,102.7744665145874,30,0.00441524013876915,0.8098617196083069,0.7718795537948608,0.8682016134262085,0.005895012989640236,0.7466229796409607,0.7077363729476929,0.8000925779342651,relu,32,0.3,0.9,30
24,07/01/21-185740,07/01/21-190051,191.0921070575714,30,0.004283884074538946,0.8199599981307983,0.7868449687957764,0.8715235590934753,0.006016237661242485,0.7458043098449707,0.7003684043884277,0.8025328516960144,relu,16,0.09,0.95,30
19,07/01/21-184426,07/01/21-184737,191.00522184371948,30,0.00429824274033308,0.8202784061431885,0.7852529287338257,0.8717365860939026,0.0061567360535264015,0.738845705986023,0.6864510774612427,0.795918345451355,relu,16,0.07,0.95,30
14,07/01/21-183030,07/01/21-183340,189.67609024047852,30,0.004950865171849728,0.7927128672599792,0.751091718673706,0.8629664182662964,0.006229334976524115,0.7384363412857056,0.6966844201087952,0.8032090663909912,relu,16,0.05,0.95,30
69,07/01/21-201918,07/01/21-202102,104.06429743766785,30,0.004824359901249409,0.7939410209655762,0.7499090433120728,0.8609776496887207,0.006119823548942804,0.7351616621017456,0.6913630962371826,0.8004739284515381,relu,32,0.1,0.95,30
37,07/01/21-193435,07/01/21-193745,190.34059143066406,30,0.004691508132964373,0.8008096814155579,0.7577784061431885,0.8632948398590088,0.006226763129234314,0.733115017414093,0.6970937252044678,0.7946803569793701,relu,16,0.5,0.6,30
23,07/01/21-185427,07/01/21-185740,192.59064197540283,30,0.0048933676443994045,0.7911663055419922,0.7444959878921509,0.8610584735870361,0.0063494532369077206,0.7298403382301331,0.6803110837936401,0.795976996421814,relu,16,0.09,0.9,30
32,07/01/21-191943,07/01/21-192253,190.49861454963684,30,0.005226652137935162,0.7758824825286865,0.7259825468063354,0.8537498712539673,0.006463293917477131,0.7232910394668579,0.6741710901260376,0.7929706573486328,relu,16,0.3,0.6,30
28,07/01/21-190705,07/01/21-191013,188.53769731521606,30,0.004966482985764742,0.7844796180725098,0.7393103837966919,0.8632814288139343,0.006440313532948494,0.720016360282898,0.675399124622345,0.798258364200592,relu,16,0.1,0.9,30
64,07/01/21-201213,07/01/21-201358,105.01780843734741,30,0.005168891046196222,0.7735626101493835,0.7293031215667725,0.858527421951294,0.006510092411190271,0.7110110521316528,0.65493243932724,0.808897852897644,relu,32,0.09,0.95,30
36,07/01/21-193124,07/01/21-193434,190.4722011089325,30,0.00535222701728344,0.7695596814155579,0.7211608290672302,0.8550779223442078,0.006585107650607824,0.7097830772399902,0.6651657819747925,0.8024691343307495,relu,16,0.5,0.3,30
9,07/01/21-181708,07/01/21-182017,188.85001063346863,30,0.005649014841765165,0.754639744758606,0.6969614028930664,0.8508912920951843,0.0067541939206421375,0.7060990333557129,0.6377404928207397,0.8051679730415344,relu,16,0.03,0.95,30
18,07/01/21-184114,07/01/21-184425,190.99423217773438,30,0.005606900900602341,0.754639744758606,0.7023744583129883,0.8521523475646973,0.006782327778637409,0.7020057439804077,0.65493243932724,0.7980049848556519,relu,16,0.07,0.9,30
54,07/01/21-195751,07/01/21-195936,104.78235578536987,30,0.005847233813256025,0.7455877065658569,0.690365731716156,0.844809353351593,0.006945669185370207,0.6946377158164978,0.6365124583244324,0.7889395952224731,relu,32,0.05,0.95,30
77,07/01/21-203208,07/01/21-203352,103.94290781021118,30,0.005890680477023125,0.7410843968391418,0.6841338872909546,0.8496695160865784,0.006949211936444044,0.6930004358291626,0.6426524519920349,0.7901358604431152,relu,32,0.5,0.6,30
31,07/01/21-191632,07/01/21-191942,190.21244955062866,30,0.006065153516829014,0.7365811467170715,0.6764464974403381,0.8395054936408997,0.007109846919775009,0.6913630962371826,0.6262791752815247,0.7906976938247681,relu,16,0.3,0.3,30
13,07/01/21-182717,07/01/21-183030,192.47579097747803,30,0.005998614244163036,0.7386735677719116,0.6770378351211548,0.8413317799568176,0.00713304104283452,0.6897257566452026,0.6340565085411072,0.7939518094062805,relu,16,0.05,0.9,30
63,07/01/21-201030,07/01/21-201213,103.43838858604431,30,0.0062496173195540905,0.7316684722900391,0.6677583456039429,0.8310688138008118,0.007204743567854166,0.6889070868492126,0.6381497979164124,0.7798899412155151,relu,32,0.09,0.9,30
59,07/01/21-200423,07/01/21-200607,104.39514327049255,30,0.0060932147316634655,0.7308496832847595,0.6703511476516724,0.8458359837532043,0.0070700738579034805,0.6864510774612427,0.6197298169136047,0.7955859303474426,relu,32,0.07,0.95,30
68,07/01/21-201736,07/01/21-201918,101.8535578250885,30,0.006511830724775791,0.7152929306030273,0.6513828039169312,0.833915650844574,0.007369928061962128,0.6799017786979675,0.607040524482727,0.7956008315086365,relu,32,0.1,0.9,30
35,07/01/21-192818,07/01/21-193123,185.32868075370789,30,0.006311963777989149,0.7228893637657166,0.6594341397285461,0.8480753302574158,0.00733282882720232,0.676217794418335,0.6197298169136047,0.7852697372436523,relu,16,0.5,0.0,30
49,07/01/21-195124,07/01/21-195307,103.5753333568573,30,0.006805516313761473,0.7006004452705383,0.6270014643669128,0.8268250226974487,0.00774622755125165,0.6643471121788025,0.5959885120391846,0.7827957272529602,relu,32,0.03,0.95,30
76,07/01/21-203024,07/01/21-203208,104.0218870639801,30,0.006891821976751089,0.6996452212333679,0.6273653507232666,0.8287465572357178,0.007941888645291328,0.6512484550476074,0.5718379020690918,0.7761111259460449,relu,32,0.5,0.3,30
58,07/01/21-200239,07/01/21-200423,103.1736888885498,30,0.006868976633995771,0.6994632482528687,0.6228166222572327,0.827261209487915,0.00802026316523552,0.6475644707679749,0.5689725875854492,0.7743732333183289,relu,32,0.07,0.9,30
30,07/01/21-191325,07/01/21-191632,187.1269016265869,30,0.006946729030460119,0.6920942664146423,0.6199508905410767,0.8309352397918701,0.007969455793499947,0.6471551656723022,0.5796152353286743,0.7801653146743774,relu,16,0.3,0.0,30
8,07/01/21-181356,07/01/21-181708,191.78022003173828,30,0.007315401919186115,0.6731259226799011,0.5912026762962341,0.8160356879234314,0.008141301572322845,0.6348751783370972,0.5493245720863342,0.7761712074279785,relu,16,0.03,0.9,30
72,07/01/21-202332,07/01/21-202515,103.1284704208374,30,0.007594449911266565,0.6553857326507568,0.5678220391273499,0.8251586556434631,0.008269309997558594,0.6213671565055847,0.5341792702674866,0.7967032790184021,relu,32,0.3,0.6,30
53,07/01/21-195607,07/01/21-195750,103.3020269870758,30,0.008140028454363346,0.6293668150901794,0.5309315919876099,0.8177677989006042,0.008769127540290356,0.6037658452987671,0.5067539811134338,0.7747184038162231,relu,32,0.05,0.9,30
75,07/01/21-202843,07/01/21-203023,100.6107988357544,30,0.008047121576964855,0.6275928020477295,0.5418485999107361,0.8284879922866821,0.008744491264224052,0.5935325622558594,0.4985673427581787,0.786821722984314,relu,32,0.5,0.0,30
71,07/01/21-202149,07/01/21-202331,102.8355085849762,30,0.008115820586681366,0.6324144601821899,0.5389373898506165,0.8219786286354065,0.00884638074785471,0.5886205434799194,0.49406468868255615,0.7878590226173401,relu,32,0.3,0.3,30
22,07/01/21-185114,07/01/21-185427,192.5581090450287,30,0.008152780123054981,0.6270014643669128,0.5357987880706787,0.8169649243354797,0.009001065045595169,0.5812525749206543,0.4895620048046112,0.7726098299026489,relu,16,0.09,0.6,30
26,07/01/21-190202,07/01/21-190515,192.53511595726013,30,0.009127947501838207,0.584152102470398,0.4727528989315033,0.7913050055503845,0.009713821113109589,0.5591486096382141,0.4486287236213684,0.7632312178611755,relu,16,0.1,0.3,30
4,07/01/21-180542,07/01/21-180853,190.90272331237793,30,0.009157110005617142,0.5816503167152405,0.47407203912734985,0.7917046546936035,0.009859557263553143,0.5435939431190491,0.4465820789337158,0.7608089447021484,relu,16,0.01,0.95,30
17,07/01/21-183803,07/01/21-184114,191.527526140213,30,0.010483095422387123,0.5154657959938049,0.3736353814601898,0.7709780335426331,0.01079476810991764,0.4916086792945862,0.3765861690044403,0.746147632598877,relu,16,0.07,0.6,30
16,07/01/21-183451,07/01/21-183802,191.60935044288635,30,0.010597944259643555,0.5115083456039429,0.36731258034706116,0.776442289352417,0.011143341660499573,0.47359803318977356,0.3467048704624176,0.7528889179229736,relu,16,0.07,0.3,30
56,07/01/21-200015,07/01/21-200159,103.32474517822266,30,0.01585296355187893,0.09575145691633224,0.0,0.0,0.015853434801101685,0.09701187163591385,0.0,0.0,relu,32,0.07,0.3,30
44,07/01/21-194633,07/01/21-194744,70.60091996192932,21,0.015804091468453407,0.09088428318500519,0.0,0.0,0.015805702656507492,0.08718788623809814,0.0,0.0,relu,32,0.01,0.95,30
3,07/01/21-180350,07/01/21-180542,111.33044242858887,17,0.015796435996890068,0.07778384536504745,0.0,0.0,0.015793409198522568,0.07818256318569183,0.0,0.0,relu,16,0.01,0.9,30
66,07/01/21-201516,07/01/21-201656,99.97381281852722,29,0.015842201188206673,0.06868631392717361,0.0,0.0,0.01584324613213539,0.06590257585048676,0.0,0.0,relu,32,0.1,0.3,30
62,07/01/21-200932,07/01/21-201029,57.517892360687256,16,0.015848277136683464,0.06941411644220352,0.0,0.0,0.015848906710743904,0.06549324840307236,0.0,0.0,relu,32,0.09,0.6,30
70,07/01/21-202103,07/01/21-202148,45.38185262680054,13,0.015844102948904037,0.06204512342810631,0.0,0.0,0.01584412343800068,0.06467457860708237,0.0,0.0,relu,32,0.3,0.0,30
61,07/01/21-200749,07/01/21-200931,101.74633359909058,30,0.01584441214799881,0.06663937121629715,0.0,0.0,0.015845196321606636,0.061809249222278595,0.0,0.0,relu,32,0.09,0.3,30
6,07/01/21-181004,07/01/21-181242,158.64371824264526,25,0.0158530380576849,0.06431950628757477,0.0,0.0,0.015854012221097946,0.0609905868768692,0.0,0.0,relu,16,0.03,0.3,30
60,07/01/21-200608,07/01/21-200749,101.24169993400574,30,0.015855124220252037,0.07487263530492783,0.0,0.0,0.015855807811021805,0.06017192080616951,0.0,0.0,relu,32,0.09,0.0,30
11,07/01/21-182304,07/01/21-182603,178.74899172782898,28,0.015838516876101494,0.062090612947940826,0.0,0.0,0.015839776024222374,0.059762585908174515,0.0,0.0,relu,16,0.05,0.3,30
20,07/01/21-184737,07/01/21-184937,119.67956686019897,19,0.015813039615750313,0.059816230088472366,0.0,0.0,0.015813717618584633,0.05894391983747482,0.0,0.0,relu,16,0.09,0.0,30
43,07/01/21-194555,07/01/21-194633,38.010720014572144,11,0.015859421342611313,0.05858806520700455,0.0,0.0,0.01586001180112362,0.05894391983747482,0.0,0.0,relu,32,0.01,0.9,30
27,07/01/21-190515,07/01/21-190704,109.3520998954773,17,0.015781942754983902,0.05854257568717003,0.0,0.0,0.01577632687985897,0.057715922594070435,0.0,0.0,relu,16,0.1,0.6,30
57,07/01/21-200159,07/01/21-200239,39.98823308944702,11,0.01585797779262066,0.054175764322280884,0.0,0.0,0.01585780456662178,0.05485059320926666,0.0,0.0,relu,32,0.07,0.6,30
65,07/01/21-201359,07/01/21-201516,77.37927031517029,23,0.015846027061343193,0.0556313693523407,0.0,0.0,0.01584610901772976,0.04911993443965912,0.0,0.0,relu,32,0.1,0.0,30
48,07/01/21-195044,07/01/21-195123,39.6796498298645,11,0.01579943858087063,0.04762554541230202,0.0,0.0,0.01579427719116211,0.04707327112555504,0.0,0.0,relu,32,0.03,0.9,30
45,07/01/21-194744,07/01/21-194923,99.28655242919922,30,0.015865502879023552,0.047762010246515274,0.0,0.0,0.015865446999669075,0.04584527388215065,0.0,0.0,relu,32,0.03,0.0,30
21,07/01/21-184937,07/01/21-185114,96.75057101249695,15,0.015802249312400818,0.050127364695072174,0.0,0.0,0.015799084678292274,0.04379860684275627,0.0,0.0,relu,16,0.09,0.3,30
55,07/01/21-195936,07/01/21-200015,39.15476083755493,11,0.015863364562392235,0.04753457009792328,0.0,0.0,0.015863655135035515,0.042161278426647186,0.0,0.0,relu,32,0.07,0.0,30
50,07/01/21-195307,07/01/21-195435,87.05266809463501,26,0.015861377120018005,0.044304948300123215,0.0,0.0,0.015861479565501213,0.0405239462852478,0.0,0.0,relu,32,0.05,0.0,30
5,07/01/21-180853,07/01/21-181003,69.8762583732605,11,0.015864044427871704,0.04112081602215767,0.0,0.0,0.015863263979554176,0.03970528021454811,0.0,0.0,relu,16,0.03,0.0,30
1,07/01/21-180117,07/01/21-180234,76.6751983165741,11,0.01586420275270939,0.045533113181591034,0.0,0.0,0.015864532440900803,0.03847728297114372,0.0,0.0,relu,16,0.01,0.3,30
10,07/01/21-182017,07/01/21-182304,166.57777094841003,27,0.015827132388949394,0.04239447042346001,0.0,0.0,0.01583220809698105,0.03643061965703964,0.0,0.0,relu,16,0.05,0.0,30
7,07/01/21-181243,07/01/21-181356,72.92421674728394,11,0.015849115327000618,0.032068777829408646,0.0,0.0,0.015849485993385315,0.03356529027223587,0.0,0.0,relu,16,0.03,0.6,30
52,07/01/21-195515,07/01/21-195607,51.513391733169556,14,0.01585979200899601,0.03802765533328056,0.0,0.0,0.015860211104154587,0.03274662420153618,0.0,0.0,relu,32,0.05,0.6,30
15,07/01/21-183340,07/01/21-183450,70.09443211555481,11,0.015793336555361748,0.04512372612953186,0.0,0.0,0.015808945521712303,0.032337289303541183,0.0,0.0,relu,16,0.07,0.0,30
12,07/01/21-182603,07/01/21-182717,73.67227220535278,11,0.015850212424993515,0.036799490451812744,0.0,0.0,0.01585128903388977,0.024150634184479713,0.0,0.0,relu,16,0.05,0.6,30
67,07/01/21-201657,07/01/21-201736,39.00792741775513,11,0.01584429293870926,0.03184133768081665,0.0,0.0,0.015844836831092834,0.020875971764326096,0.0,0.0,relu,32,0.1,0.6,30
25,07/01/21-190051,07/01/21-190202,70.50372743606567,11,0.015845688059926033,0.02610989846289158,0.0,0.0,0.015846548601984978,0.020875971764326096,0.0,0.0,relu,16,0.1,0.0,30
46,07/01/21-194924,07/01/21-195003,39.792542934417725,11,0.015866493806242943,0.012782023288309574,0.0,0.0,0.015866070985794067,0.014326647855341434,0.0,0.0,relu,32,0.03,0.3,30
41,07/01/21-194436,07/01/21-194516,39.16674733161926,11,0.01586804911494255,0.01451055333018303,0.0,0.0,0.01586788520216942,0.013098648749291897,0.0,0.0,relu,32,0.01,0.3,30
0,07/01/21-180001,07/01/21-180117,76.37141442298889,11,0.015868358314037323,0.011235443875193596,0.0,0.0,0.015868527814745903,0.01227998360991478,0.0,0.0,relu,16,0.01,0.0,30
47,07/01/21-195004,07/01/21-195043,39.42839288711548,11,0.015866898000240326,0.00959788914769888,0.0,0.0,0.015867380425333977,0.01064265239983797,0.0,0.0,relu,32,0.03,0.6,30
40,07/01/21-194359,07/01/21-194436,36.679179191589355,11,0.01586867868900299,0.012145196087658405,0.0,0.0,0.015868758782744408,0.009823987260460854,0.0,0.0,relu,32,0.01,0.0,30
42,07/01/21-194516,07/01/21-194554,38.61967444419861,11,0.015870271250605583,0.006186317186802626,0.0,0.0,0.01586993597447872,0.007367989979684353,0.0,0.0,relu,32,0.01,0.6,30
2,07/01/21-180234,07/01/21-180350,76.17807722091675,11,0.015865618363022804,0.005458515137434006,0.0,0.0,0.015865299850702286,0.005321326199918985,0.0,0.0,relu,16,0.01,0.6,30
51,07/01/21-195435,07/01/21-195515,40.12960624694824,11,0.015853852033615112,0.004639737773686647,0.0,0.0,0.0158523079007864,0.004911993630230427,0.0,0.0,relu,32,0.05,0.3,30
