,start,end,duration,round_epochs,loss,accuracy,recall,precision,val_loss,val_accuracy,val_recall,val_precision,act_fn,batch_size,client_lr,client_momentum,epochs
15,05/23/21-165304,05/23/21-172937,2192.7149291038513,18,0.0035158952232450247,0.8515803217887878,0.8247901201248169,0.8855918645858765,0.004193527158349752,0.8233625292778015,0.7979333400726318,0.8572589755058289,relu,16,0.5,0.9,50
31,05/23/21-220817,05/23/21-222948,1291.8345370292664,21,0.0037235592026263475,0.8438794612884521,0.8158745169639587,0.8837171196937561,0.00447808625176549,0.8089630007743835,0.7691771984100342,0.8572016954421997,relu,32,0.5,0.9,50
47,05/24/21-005542,05/24/21-010646,664.3689217567444,20,0.004129021428525448,0.8259832262992859,0.7924249768257141,0.8727750778198242,0.004652258940041065,0.8025326132774353,0.7688935399055481,0.8474512100219727,relu,64,0.5,0.9,50
14,05/23/21-161257,05/23/21-165301,2404.2138929367065,19,0.004482158459722996,0.8061346411705017,0.7668495774269104,0.8702855706214905,0.004931238014250994,0.7848576903343201,0.7435159087181091,0.8489786386489868,relu,16,0.5,0.6,50
12,05/23/21-143120,05/23/21-153151,3630.631352186203,31,0.004486140329390764,0.8080435395240784,0.7689754366874695,0.8695513606071472,0.005056063644587994,0.7807999849319458,0.7292023301124573,0.8498446941375732,relu,16,0.5,0.0,50
13,05/23/21-153153,05/23/21-161255,2461.7508404254913,19,0.00487219775095582,0.7910149693489075,0.7488231658935547,0.8584074974060059,0.005265595391392708,0.7727448344230652,0.7215082049369812,0.8439470529556274,relu,16,0.5,0.3,50
7,05/23/21-092049,05/23/21-101000,2950.9491815567017,25,0.004910975228995085,0.7907112836837769,0.7482157945632935,0.8616752624511719,0.005354639142751694,0.7721517086029053,0.7275431156158447,0.8389341831207275,relu,16,0.05,0.9,50
11,05/23/21-135031,05/23/21-143118,2447.0848631858826,20,0.0045345439575612545,0.8053537011146545,0.7652877569198608,0.8669337034225464,0.005148366093635559,0.7710598707199097,0.7186025381088257,0.8464295864105225,relu,16,0.1,0.9,50
28,05/23/21-202857,05/23/21-211343,2686.2763707637787,45,0.004827623255550861,0.796156108379364,0.7552658319473267,0.859381914138794,0.005295471753925085,0.7708019614219666,0.7159976959228516,0.8430370092391968,relu,32,0.5,0.0,50
10,05/23/21-124750,05/23/21-135029,3759.1780140399933,32,0.005092917010188103,0.7829670906066895,0.7389748096466064,0.853784441947937,0.0053352913819253445,0.7705956697463989,0.7203906178474426,0.840526819229126,relu,16,0.1,0.6,50
27,05/23/21-200140,05/23/21-202855,1634.432123184204,27,0.004953682888299227,0.7874357104301453,0.7426625490188599,0.8605685830116272,0.005312818568199873,0.7691857814788818,0.7182328701019287,0.8452067971229553,relu,32,0.1,0.9,50
43,05/23/21-235653,05/24/21-001552,1139.0822927951813,35,0.005148886237293482,0.7813184857368469,0.7347664833068848,0.8521257638931274,0.005456859711557627,0.7676383852958679,0.7241474390029907,0.8338778018951416,relu,64,0.1,0.9,50
29,05/23/21-211345,05/23/21-214347,1801.6310892105103,31,0.005087750963866711,0.7811232209205627,0.7363716959953308,0.8571140170097351,0.005531680304557085,0.761397123336792,0.7230384349822998,0.8318596482276917,relu,32,0.5,0.3,50
30,05/23/21-214349,05/23/21-220813,1464.4174523353577,24,0.005096547771245241,0.7790841460227966,0.736393392086029,0.8591567277908325,0.0054747904650866985,0.7592135667800903,0.714484691619873,0.8437236547470093,relu,32,0.5,0.6,50
46,05/24/21-003846,05/24/21-005540,1014.3190205097198,32,0.005429641343653202,0.762662947177887,0.7129438519477844,0.8565322756767273,0.0057491157203912735,0.7456135153770447,0.6944542527198792,0.8370047211647034,relu,64,0.5,0.6,50
39,05/23/21-230452,05/23/21-232942,1490.2779622077942,46,0.0060376510955393314,0.7379335761070251,0.6811644434928894,0.8364677429199219,0.0061777192167937756,0.7319274544715881,0.6791864037513733,0.8255140781402588,relu,64,0.05,0.9,50
23,05/23/21-182347,05/23/21-185725,2018.2074675559998,32,0.006145870313048363,0.7252652049064636,0.6695156097412109,0.8478887677192688,0.006389079615473747,0.7130575776100159,0.6430800557136536,0.846909761428833,relu,32,0.05,0.9,50
26,05/23/21-192108,05/23/21-200138,2430.24072432518,38,0.006727415602654219,0.7037896513938904,0.6349161863327026,0.8354217410087585,0.006827192381024361,0.6988041996955872,0.6325662136077881,0.8242080807685852,relu,32,0.1,0.6,50
8,05/23/21-101002,05/23/21-114208,5525.796859741211,46,0.006833111401647329,0.70062255859375,0.6298184394836426,0.8305395245552063,0.007032295223325491,0.6922706365585327,0.6175906658172607,0.8198012113571167,relu,16,0.1,0.0,50
6,05/23/21-075846,05/23/21-092047,4921.0105810165405,41,0.006802564021199942,0.6951560974121094,0.6266947388648987,0.8353815674781799,0.0070001306012272835,0.6872501373291016,0.6283366084098816,0.8166115283966064,relu,16,0.05,0.6,50
44,05/24/21-001554,05/24/21-003500,1146.5306448936462,34,0.006820310838520527,0.693767786026001,0.6220525503158569,0.838528573513031,0.0070763397961854935,0.6801062822341919,0.6086844205856323,0.8231108784675598,relu,64,0.5,0.0,50
5,05/23/21-061733,05/23/21-075843,6070.677079200745,50,0.007200084161013365,0.6784746050834656,0.6010759472846985,0.8215672969818115,0.0072701857425272465,0.6731600761413574,0.6015147566795349,0.8146940469741821,relu,16,0.05,0.3,50
9,05/23/21-114210,05/23/21-124748,3937.4996798038483,33,0.007132104132324457,0.6806004643440247,0.6043298244476318,0.8235241770744324,0.007360151503235102,0.6717932224273682,0.6039648056030273,0.801906168460846,relu,16,0.1,0.3,50
3,05/23/21-031610,05/23/21-043542,4772.416817903519,40,0.007055522408336401,0.6797110438346863,0.6128115653991699,0.834613561630249,0.007252482697367668,0.6696181893348694,0.607102632522583,0.8174273371696472,relu,16,0.01,0.9,50
4,05/23/21-043544,05/23/21-061730,6105.849058151245,50,0.008215690031647682,0.6303173899650574,0.5236122012138367,0.8066704273223877,0.008230048231780529,0.6294541954994202,0.5183067917823792,0.8065038323402405,relu,16,0.05,0.0,50
22,05/23/21-180937,05/23/21-182345,848.0340397357941,14,0.015822356566786766,0.0968133807182312,0.0,0.0,0.015817517414689064,0.09572483599185944,0.0,0.0,relu,32,0.05,0.6,50
24,05/23/21-185727,05/23/21-191120,833.3155083656311,13,0.015849927440285683,0.08045727759599686,0.0,0.0,0.01584889553487301,0.07813587784767151,0.0,0.0,relu,32,0.1,0.0,50
38,05/23/21-225327,05/23/21-230450,683.2009928226471,21,0.01584324799478054,0.078244648873806,0.0,0.0,0.015842057764530182,0.0766916275024414,0.0,0.0,relu,64,0.05,0.6,50
40,05/23/21-232944,05/23/21-234011,627.0906014442444,19,0.015844542533159256,0.06802750378847122,0.0,0.0,0.01584303379058838,0.07320134341716766,0.0,0.0,relu,64,0.1,0.0,50
42,05/23/21-234823,05/23/21-235650,507.70013523101807,16,0.015839122235774994,0.05922037363052368,0.0,0.0,0.015837442129850388,0.06144098937511444,0.0,0.0,relu,64,0.1,0.6,50
35,05/23/21-224118,05/23/21-224556,277.8367121219635,8,0.015863951295614243,0.05375387892127037,0.0,0.0,0.015863601118326187,0.05353197455406189,0.0,0.0,relu,64,0.01,0.9,50
41,05/23/21-234013,05/23/21-234820,486.3863627910614,14,0.01581638865172863,0.055120501667261124,0.0,0.0,0.015813369303941727,0.05351478233933449,0.0,0.0,relu,64,0.1,0.3,50
16,05/23/21-172939,05/23/21-173634,414.9589865207672,6,0.015864606946706772,0.05199678987264633,0.0,0.0,0.015864532440900803,0.05285283178091049,0.0,0.0,relu,32,0.01,0.0,50
25,05/23/21-191125,05/23/21-192106,580.6775839328766,9,0.015839772298932076,0.052777718752622604,0.0,0.0,0.015836741775274277,0.051889996975660324,0.0,0.0,relu,32,0.1,0.3,50
45,05/24/21-003502,05/24/21-003844,221.8669421672821,6,0.01577978953719139,0.05091216787695885,0.0,0.0,0.015744373202323914,0.04971501603722572,0.0,0.0,relu,64,0.5,0.3,50
21,05/23/21-180254,05/23/21-180935,400.7925126552582,6,0.01586274430155754,0.04791861027479172,0.0,0.0,0.01586206816136837,0.04821918159723282,0.0,0.0,relu,32,0.05,0.3,50
32,05/23/21-222950,05/23/21-223347,237.12266874313354,6,0.01587550714612007,0.04366689175367355,0.0,0.0,0.01587551087141037,0.044015370309352875,0.0,0.0,relu,64,0.01,0.0,50
33,05/23/21-223349,05/23/21-223729,220.02389192581177,6,0.015866296365857124,0.034208983182907104,0.0,0.0,0.015866408124566078,0.035435810685157776,0.0,0.0,relu,64,0.01,0.3,50
1,05/23/21-025048,05/23/21-030337,769.7035417556763,6,0.015868356451392174,0.018633808940649033,0.0,0.0,0.015868104994297028,0.018835483118891716,0.0,0.0,relu,16,0.01,0.3,50
2,05/23/21-030339,05/23/21-031608,749.2727010250092,6,0.015867915004491806,0.015965638682246208,0.0,0.0,0.0158673208206892,0.016101716086268425,0.0,0.0,relu,16,0.01,0.6,50
20,05/23/21-175628,05/23/21-180251,383.31894278526306,6,0.01586732268333435,0.010759452357888222,0.0,0.0,0.01586698181927204,0.01132192276418209,0.0,0.0,relu,32,0.05,0.0,50
19,05/23/21-175009,05/23/21-175626,376.6550545692444,6,0.015856575220823288,0.010564220137894154,0.0,0.0,0.015855617821216583,0.010866294614970684,0.0,0.0,relu,32,0.01,0.9,50
36,05/23/21-224558,05/23/21-224943,225.3212010860443,6,0.01586836203932762,0.01062929816544056,0.0,0.0,0.01586829125881195,0.01066856924444437,0.0,0.0,relu,64,0.05,0.0,50
34,05/23/21-223731,05/23/21-224116,225.189373254776,6,0.01586890034377575,0.010130371898412704,0.0,0.0,0.01586860418319702,0.010616988874971867,0.0,0.0,relu,64,0.01,0.6,50
37,05/23/21-224945,05/23/21-225325,219.821715593338,6,0.015863673761487007,0.005249571520835161,0.0,0.0,0.01586316153407097,0.006017726380378008,0.0,0.0,relu,64,0.05,0.3,50
0,05/23/21-023750,05/23/21-025047,776.4862840175629,6,0.015868132933974266,0.006225731689482927,0.0,0.0,0.015868080779910088,0.0055964854545891285,0.0,0.0,relu,16,0.01,0.0,50
17,05/23/21-173636,05/23/21-174319,403.38441157341003,6,0.01586981490254402,0.004663875792175531,0.0,0.0,0.015869690105319023,0.004642246291041374,0.0,0.0,relu,32,0.01,0.3,50
18,05/23/21-174322,05/23/21-175007,405.06757521629333,6,0.015868935734033585,0.004013102035969496,0.0,0.0,0.01586870104074478,0.003911522217094898,0.0,0.0,relu,32,0.01,0.6,50
