,start,end,duration,round_epochs,loss,accuracy,recall,precision,val_loss,val_accuracy,val_recall,val_precision,act_fn,batch_size,client_lr,client_momentum,epochs
31,05/22/21-011257,05/22/21-013706,1448.6372618675232,27,0.0036544986069202423,0.8457725048065186,0.8164466023445129,0.8874955773353577,0.005117921624332666,0.7843590974807739,0.7437050342559814,0.8320029377937317,relu,32,0.5,0.9,50
15,05/21/21-211728,05/21/21-214331,1562.6701574325562,15,0.004158263094723225,0.8249710202217102,0.785869836807251,0.8746068477630615,0.005071124527603388,0.780464768409729,0.7211901545524597,0.8466141819953918,relu,16,0.5,0.9,50
14,05/21/21-203002,05/21/21-211726,2843.696179151535,27,0.004545517265796661,0.8063933253288269,0.7671531438827515,0.8716639280319214,0.0055166371166706085,0.7623170018196106,0.7209494113922119,0.826928973197937,relu,16,0.5,0.6,50
47,05/22/21-025751,05/22/21-030829,638.7740547657013,22,0.004786013159900904,0.7971276640892029,0.7536715269088745,0.8595582842826843,0.0057191443629562855,0.7529895305633545,0.7078222036361694,0.8187015652656555,relu,64,0.5,0.9,50
13,05/21/21-194127,05/21/21-203000,2913.612272977829,28,0.005575947463512421,0.7560806274414062,0.7026638984680176,0.8560221195220947,0.006376301404088736,0.7252392172813416,0.6776390075683594,0.8124781250953674,relu,16,0.5,0.3,50
30,05/22/21-004644,05/22/21-011255,1571.4592032432556,29,0.005790868774056435,0.7490386962890625,0.6988649368286133,0.8591524958610535,0.006418020464479923,0.7213964462280273,0.6574710011482239,0.8314290642738342,relu,32,0.5,0.6,50
11,05/21/21-185141,05/21/21-193054,2352.7329137325287,23,0.005602674093097448,0.7485290765762329,0.6954829692840576,0.8577795624732971,0.006215235218405724,0.7201327085494995,0.6697471737861633,0.8271260261535645,relu,16,0.1,0.9,50
7,05/21/21-170601,05/21/21-175538,2976.7041099071503,28,0.005960071925073862,0.739587664604187,0.6827426552772522,0.8480750322341919,0.006468895822763443,0.7122409343719482,0.6428995132446289,0.8293115496635437,relu,16,0.05,0.9,50
27,05/21/21-235248,05/22/21-002442,1913.436681509018,36,0.005938182584941387,0.7398656606674194,0.6851980686187744,0.8542219996452332,0.0065009077079594135,0.7120431661605835,0.663402795791626,0.8196040391921997,relu,32,0.1,0.9,50
23,05/21/21-224218,05/21/21-231610,2032.4511487483978,38,0.006349328905344009,0.7249941825866699,0.6611535549163818,0.833635151386261,0.006750938482582569,0.7053720951080322,0.6299183964729309,0.8170424103736877,relu,32,0.05,0.9,50
45,05/22/21-023437,05/22/21-025358,1161.2426941394806,42,0.007591616362333298,0.6592541337013245,0.576928436756134,0.8267826437950134,0.008301523514091969,0.6308382749557495,0.5522639751434326,0.7746225595474243,relu,64,0.5,0.3,50
5,05/21/21-152940,05/21/21-165456,5115.743205785751,50,0.00962537620216608,0.5564975738525391,0.43303218483924866,0.796574056148529,0.00983621645718813,0.5475357174873352,0.43104976415634155,0.770416259765625,relu,16,0.05,0.3,50
36,05/22/21-015133,05/22/21-015457,203.3622887134552,6,0.01585298404097557,0.07519110292196274,0.0,0.0,0.01585381105542183,0.07170551270246506,0.0,0.0,relu,64,0.05,0.0,50
29,05/22/21-003848,05/22/21-004641,473.1727578639984,8,0.015827612951397896,0.06865879148244858,0.0,0.0,0.015823179855942726,0.06653886288404465,0.0,0.0,relu,32,0.5,0.3,50
10,05/21/21-182957,05/21/21-185139,1302.3942773342133,12,0.015825975686311722,0.06726893782615662,0.0,0.0,0.015822775661945343,0.06469915807247162,0.0,0.0,relu,16,0.1,0.6,50
24,05/21/21-231613,05/21/21-233020,846.915185213089,15,0.015850737690925598,0.06652767956256866,0.0,0.0,0.015849940478801727,0.0644240602850914,0.0,0.0,relu,32,0.1,0.0,50
44,05/22/21-022922,05/22/21-023434,312.63613200187683,10,0.01584775373339653,0.06231179088354111,0.0,0.0,0.01584581844508648,0.06387387216091156,0.0,0.0,relu,64,0.5,0.0,50
9,05/21/21-180648,05/21/21-182954,1386.368805885315,13,0.015792280435562134,0.0608292780816555,0.0,0.0,0.01578225940465927,0.06065868213772774,0.0,0.0,relu,16,0.1,0.3,50
28,05/22/21-002444,05/22/21-003846,842.0392236709595,15,0.015720825642347336,0.06240444630384445,0.0,0.0,0.015690473839640617,0.05958408862352371,0.0,0.0,relu,32,0.5,0.0,50
39,05/22/21-020206,05/22/21-020920,434.57216215133667,14,0.015843350440263748,0.055686820298433304,0.0,0.0,0.015841906890273094,0.057495079934597015,0.0,0.0,relu,64,0.05,0.9,50
41,05/22/21-021500,05/22/21-022025,325.3276355266571,10,0.015865571796894073,0.057076673954725266,0.0,0.0,0.01586543768644333,0.057073839008808136,0.0,0.0,relu,64,0.1,0.3,50
40,05/22/21-020922,05/22/21-021457,335.33109974861145,11,0.015859467908740044,0.05374102294445038,0.0,0.0,0.015859441831707954,0.051614899188280106,0.0,0.0,relu,64,0.1,0.0,50
12,05/21/21-193055,05/21/21-194125,629.4952473640442,6,0.015762506052851677,0.04697706922888756,0.0,0.0,0.015708234161138535,0.05150314047932625,0.0,0.0,relu,16,0.5,0.0,50
4,05/21/21-151843,05/21/21-152938,655.4558472633362,6,0.01585124060511589,0.05063701793551445,0.0,0.0,0.015849579125642776,0.05142576992511749,0.0,0.0,relu,16,0.05,0.0,50
46,05/22/21-025400,05/22/21-025748,228.11448311805725,7,0.015781240537762642,0.05045170336961746,0.0,0.0,0.015754366293549538,0.051314014941453934,0.0,0.0,relu,64,0.5,0.6,50
43,05/22/21-022404,05/22/21-022920,315.9963593482971,10,0.015820924192667007,0.04975677654147148,0.0,0.0,0.01581457257270813,0.05051451548933983,0.0,0.0,relu,64,0.1,0.9,50
26,05/21/21-233904,05/21/21-235246,822.4675140380859,15,0.01584620773792267,0.04878387600183487,0.0,0.0,0.015845272690057755,0.05027380585670471,0.0,0.0,relu,32,0.1,0.6,50
3,05/21/21-145934,05/21/21-151840,1146.2050211429596,11,0.015848785638809204,0.05267547070980072,0.0,0.0,0.01584797352552414,0.04876937344670296,0.0,0.0,relu,16,0.01,0.9,50
19,05/21/21-220201,05/21/21-221459,778.7271559238434,14,0.01585736684501171,0.04767199605703354,0.0,0.0,0.015856686979532242,0.0486748106777668,0.0,0.0,relu,32,0.01,0.9,50
22,05/21/21-223157,05/21/21-224215,617.8756217956543,11,0.015859438106417656,0.043919388204813004,0.0,0.0,0.015858592465519905,0.047454070299863815,0.0,0.0,relu,32,0.05,0.6,50
21,05/21/21-222056,05/21/21-223155,659.555849313736,12,0.015864402055740356,0.043965715914964676,0.0,0.0,0.01586352474987507,0.0472649447619915,0.0,0.0,relu,32,0.05,0.3,50
35,05/22/21-014751,05/22/21-015132,220.16992568969727,6,0.0158680472522974,0.038081999868154526,0.0,0.0,0.01586749777197838,0.040284380316734314,0.0,0.0,relu,64,0.01,0.9,50
8,05/21/21-175540,05/21/21-180646,665.6294095516205,6,0.015861405059695244,0.03599721938371658,0.0,0.0,0.015860825777053833,0.03452455624938011,0.0,0.0,relu,16,0.1,0.0,50
25,05/21/21-233022,05/21/21-233902,519.4406175613403,9,0.01586054265499115,0.03483900800347328,0.0,0.0,0.015860050916671753,0.03375085070729256,0.0,0.0,relu,32,0.1,0.3,50
6,05/21/21-165458,05/21/21-170559,661.4069299697876,6,0.01585528813302517,0.03275422751903534,0.0,0.0,0.01585402339696884,0.03264186903834343,0.0,0.0,relu,16,0.05,0.6,50
1,05/21/21-143740,05/21/21-144838,657.7383534908295,6,0.015862951055169106,0.029928190633654594,0.0,0.0,0.01586252823472023,0.031876757740974426,0.0,0.0,relu,16,0.01,0.3,50
34,05/22/21-014421,05/22/21-014748,207.36874389648438,6,0.01586325280368328,0.030901089310646057,0.0,0.0,0.01586327888071537,0.03135235607624054,0.0,0.0,relu,64,0.01,0.6,50
33,05/22/21-014046,05/22/21-014419,212.9306182861328,6,0.015865055844187737,0.023673847317695618,0.0,0.0,0.015865184366703033,0.023408956825733185,0.0,0.0,relu,64,0.01,0.3,50
37,05/22/21-015459,05/22/21-015831,212.15376567840576,6,0.015865446999669075,0.018809357658028603,0.0,0.0,0.0158652625977993,0.019841304048895836,0.0,0.0,relu,64,0.05,0.3,50
38,05/22/21-015833,05/22/21-020203,210.58129358291626,6,0.015864858403801918,0.01945795677602291,0.0,0.0,0.015864774584770203,0.018354065716266632,0.0,0.0,relu,64,0.05,0.6,50
16,05/21/21-214333,05/21/21-214940,366.8674030303955,6,0.015873244032263756,0.018855687230825424,0.0,0.0,0.01587306149303913,0.017666324973106384,0.0,0.0,relu,32,0.01,0.0,50
17,05/21/21-214942,05/21/21-215549,367.8296573162079,6,0.01586957648396492,0.015751678496599197,0.0,0.0,0.01586945727467537,0.015637492761015892,0.0,0.0,relu,32,0.01,0.3,50
20,05/21/21-221501,05/21/21-222054,352.24741864204407,6,0.01586545817553997,0.01074820477515459,0.0,0.0,0.01586488075554371,0.010488037951290607,0.0,0.0,relu,32,0.05,0.0,50
2,05/21/21-144840,05/21/21-145932,651.9206578731537,6,0.015871644020080566,0.009219365194439888,0.0,0.0,0.015872042626142502,0.009121154434978962,0.0,0.0,relu,16,0.01,0.6,50
18,05/21/21-215552,05/21/21-220159,367.05100107192993,6,0.015861090272665024,0.008524438366293907,0.0,0.0,0.01586049422621727,0.0089578153565526,0.0,0.0,relu,32,0.01,0.6,50
32,05/22/21-013708,05/22/21-014044,215.5596206188202,6,0.01586603745818138,0.008385452441871166,0.0,0.0,0.01586601883172989,0.00816691480576992,0.0,0.0,relu,64,0.01,0.0,50
42,05/22/21-022027,05/22/21-022402,214.32168865203857,6,0.01586638018488884,0.0070419274270534515,0.0,0.0,0.015865761786699295,0.007264255546033382,0.0,0.0,relu,64,0.1,0.6,50
0,05/21/21-142649,05/21/21-143739,650.1737620830536,6,0.015874067321419716,0.0046328469179570675,0.0,0.0,0.015874361619353294,0.005450340919196606,0.0,0.0,relu,16,0.01,0.0,50
