,start,end,duration,round_epochs,loss,accuracy,recall,precision,val_loss,val_accuracy,val_recall,val_precision,act_fn,batch_size,client_lr,client_momentum,epochs
63,06/15/21-123244,06/15/21-123316,32.64259600639343,30,0.022541088983416557,0.8461538553237915,0.8074797987937927,0.9064885377883911,0.03477884456515312,0.7629063129425049,0.7342256307601929,0.8084210753440857,relu,32,0.09,0.9,30
69,06/15/21-123508,06/15/21-123541,33.14815139770508,30,0.017528627067804337,0.8837653994560242,0.8591160178184509,0.922848641872406,0.03828660771250725,0.7609942555427551,0.7323135733604431,0.7913222908973694,relu,32,0.1,0.95,30
14,06/15/21-120431,06/15/21-120527,56.115270376205444,30,0.01716579869389534,0.8856778740882874,0.8601784706115723,0.9181219935417175,0.03748925030231476,0.7533460855484009,0.7361376881599426,0.7954545617103577,relu,16,0.05,0.95,30
18,06/15/21-120637,06/15/21-120732,55.28789186477661,30,0.014273174107074738,0.9094772338867188,0.8958775997161865,0.9319186806678772,0.03751777857542038,0.7514340281486511,0.7304015159606934,0.7908902764320374,relu,16,0.07,0.9,30
64,06/15/21-123317,06/15/21-123349,32.494306802749634,30,0.01648445799946785,0.8909901976585388,0.8737781643867493,0.916221022605896,0.03820599988102913,0.7437858581542969,0.7284894585609436,0.777550995349884,relu,32,0.09,0.95,30
8,06/15/21-115950,06/15/21-120047,57.10484766960144,30,0.02545619010925293,0.8225669264793396,0.7698682546615601,0.8956736922264099,0.03533025085926056,0.7437858581542969,0.7017208337783813,0.8265765905380249,relu,16,0.03,0.9,30
73,06/15/21-123719,06/15/21-123751,31.679933786392212,30,0.018630674108862877,0.8746281266212463,0.8559285998344421,0.9094603657722473,0.0406162366271019,0.7361376881599426,0.7131931185722351,0.7722567319869995,relu,32,0.3,0.9,30
59,06/15/21-123108,06/15/21-123143,34.44339394569397,30,0.02724127657711506,0.8093922734260559,0.755418598651886,0.884768545627594,0.03711501881480217,0.7323135733604431,0.6806883215904236,0.8072562217712402,relu,32,0.07,0.95,30
35,06/15/21-121954,06/15/21-122053,59.504464864730835,30,0.022667983546853065,0.8484913110733032,0.8089672923088074,0.9079418182373047,0.0402204729616642,0.7265774607658386,0.6749522089958191,0.7809734344482422,relu,16,0.5,0.0,30
9,06/15/21-120047,06/15/21-120144,57.012540340423584,30,0.021045908331871033,0.8603909611701965,0.8276668190956116,0.9100467562675476,0.04139767959713936,0.7265774607658386,0.6883364915847778,0.7860261797904968,relu,16,0.03,0.95,30
54,06/15/21-122853,06/15/21-122927,34.17011332511902,30,0.02195773459970951,0.8514662384986877,0.8104547262191772,0.9146283268928528,0.042183950543403625,0.7131931185722351,0.6539196968078613,0.773755669593811,relu,32,0.05,0.95,30
28,06/15/21-121417,06/15/21-121459,41.8780951499939,22,0.023394431918859482,0.8402040004730225,0.8036549091339111,0.8947243690490723,0.04253663867712021,0.7131931185722351,0.6902485489845276,0.7763440608978271,relu,16,0.1,0.9,30
29,06/15/21-121459,06/15/21-121555,56.35358762741089,29,0.028906112536787987,0.816192090511322,0.7960050702095032,0.8459801077842712,0.048847973346710205,0.7112810611724854,0.6921606063842773,0.7298387289047241,relu,16,0.1,0.95,30
36,06/15/21-122054,06/15/21-122151,57.77699947357178,29,0.012673468329012394,0.9203144907951355,0.9077773094177246,0.9403477907180786,0.04628854990005493,0.7093690037727356,0.7036328911781311,0.7360000014305115,relu,16,0.5,0.3,30
68,06/15/21-123435,06/15/21-123507,32.021289348602295,30,0.026201456785202026,0.8202294707298279,0.7734806537628174,0.8901932239532471,0.04315567761659622,0.7074570059776306,0.6500955820083618,0.7709750533103943,relu,32,0.1,0.9,30
32,06/15/21-121753,06/15/21-121846,52.44913196563721,27,0.017322372645139694,0.88780277967453,0.8646408915519714,0.9218395948410034,0.04339900240302086,0.7074570059776306,0.6806883215904236,0.7463312149047852,relu,16,0.3,0.6,30
13,06/15/21-120334,06/15/21-120431,56.68108892440796,30,0.022240102291107178,0.8512537479400635,0.8134296536445618,0.9075391292572021,0.043386150151491165,0.7036328911781311,0.6615678668022156,0.7489177584648132,relu,16,0.05,0.9,30
37,06/15/21-122151,06/15/21-122253,61.751054763793945,30,0.015752339735627174,0.8969400525093079,0.8839778900146484,0.9201503992080688,0.04450872540473938,0.7017208337783813,0.6826003789901733,0.7376033067703247,relu,16,0.5,0.6,30
19,06/15/21-120732,06/15/21-120830,57.55766773223877,30,0.021651139482855797,0.8593285083770752,0.8448788523674011,0.8841449618339539,0.048234764486551285,0.7017208337783813,0.6864244937896729,0.7311608791351318,relu,16,0.07,0.95,30
23,06/15/21-121015,06/15/21-121106,51.75766444206238,28,0.01683371514081955,0.8890777826309204,0.8686782717704773,0.9190647602081299,0.043738964945077896,0.6998087763786316,0.6749522089958191,0.7657266855239868,relu,16,0.09,0.9,30
30,06/15/21-121555,06/15/21-121653,58.066407442092896,30,0.024196723476052284,0.8351041078567505,0.7894177436828613,0.9034532904624939,0.044983550906181335,0.6921606063842773,0.6500955820083618,0.7623318433761597,relu,16,0.3,0.0,30
72,06/15/21-123646,06/15/21-123719,32.523200273513794,30,0.023438844829797745,0.8414789438247681,0.7985550165176392,0.9033653736114502,0.04338488727807999,0.6883364915847778,0.6768642663955688,0.7547974586486816,relu,32,0.3,0.6,30
58,06/15/21-123034,06/15/21-123108,33.86951923370361,30,0.03356883302330971,0.7662558555603027,0.6935826539993286,0.864177942276001,0.044095464050769806,0.6845124363899231,0.6175908446311951,0.7708830833435059,relu,32,0.07,0.9,30
4,06/15/21-115738,06/15/21-115834,56.377599000930786,30,0.034416310489177704,0.7535061836242676,0.672758162021637,0.869541347026825,0.04382931813597679,0.6806883215904236,0.6042065024375916,0.8165374398231506,relu,16,0.01,0.95,30
49,06/15/21-122650,06/15/21-122723,33.51567530632019,30,0.03508693724870682,0.7503187656402588,0.6759455800056458,0.8601946830749512,0.04595126211643219,0.6768642663955688,0.5889101624488831,0.7475728392601013,relu,32,0.03,0.95,30
33,06/15/21-121846,06/15/21-121929,43.31877899169922,23,0.04770459607243538,0.6857203841209412,0.6364215612411499,0.7650063633918762,0.04886865243315697,0.6768642663955688,0.6347992420196533,0.7562642097473145,relu,16,0.3,0.9,30
31,06/15/21-121654,06/15/21-121753,58.83790993690491,30,0.021930616348981857,0.8572035431861877,0.8170420527458191,0.9064120650291443,0.0470404252409935,0.6730401515960693,0.6347992420196533,0.7443946003913879,relu,16,0.3,0.3,30
27,06/15/21-121320,06/15/21-121416,56.63263559341431,30,0.03211146220564842,0.7775180339813232,0.7052698731422424,0.8757255673408508,0.047149479389190674,0.6539196968078613,0.590822160243988,0.7629629373550415,relu,16,0.1,0.6,30
24,06/15/21-121107,06/15/21-121151,44.13557767868042,23,0.033556077629327774,0.7671058177947998,0.6995325088500977,0.848235011100769,0.04860016331076622,0.6539196968078613,0.6156787872314453,0.7385321259498596,relu,16,0.09,0.95,30
71,06/15/21-123613,06/15/21-123646,32.87607145309448,30,0.03666326403617859,0.7441564202308655,0.6506587266921997,0.8610798716545105,0.05059383809566498,0.6386232972145081,0.5162523984909058,0.782608687877655,relu,32,0.3,0.3,30
77,06/15/21-123931,06/15/21-124006,34.59513258934021,30,0.03389870747923851,0.7637059092521667,0.6995325088500977,0.8526288270950317,0.05178216099739075,0.6367112994194031,0.5736137628555298,0.7211538553237915,relu,32,0.5,0.6,30
53,06/15/21-122819,06/15/21-122853,33.191462993621826,30,0.04442790895700455,0.678708016872406,0.5594984889030457,0.8269472122192383,0.051980629563331604,0.6309751272201538,0.5219885110855103,0.7647058963775635,relu,32,0.05,0.9,30
22,06/15/21-120919,06/15/21-121014,55.18633723258972,30,0.04516598582267761,0.6738206744194031,0.5537611842155457,0.8207874298095703,0.054246705025434494,0.6061185598373413,0.4990439713001251,0.7229917049407959,relu,16,0.09,0.6,30
26,06/15/21-121224,06/15/21-121319,55.794910192489624,30,0.049991339445114136,0.6347216367721558,0.5067998170852661,0.8244037628173828,0.058092985302209854,0.5544933080673218,0.45315486192703247,0.7523809671401978,relu,16,0.1,0.3,30
48,06/15/21-122616,06/15/21-122650,33.910115480422974,30,0.05702813342213631,0.5781980156898499,0.4048023819923401,0.7888198494911194,0.059814538806676865,0.552581250667572,0.39961758255958557,0.7599999904632568,relu,32,0.03,0.9,30
70,06/15/21-123541,06/15/21-123613,31.823593616485596,30,0.04605908691883087,0.6687207818031311,0.547173798084259,0.8285070657730103,0.06856116652488708,0.5181644558906555,0.4455066919326782,0.6115485429763794,relu,32,0.3,0.0,30
74,06/15/21-123751,06/15/21-123825,34.04589343070984,30,0.053141433745622635,0.6172970533370972,0.5259243249893188,0.7536540627479553,0.06939533352851868,0.5086042284965515,0.4550669193267822,0.6102564334869385,relu,32,0.3,0.95,30
76,06/15/21-123859,06/15/21-123931,31.996567249298096,30,0.026551470160484314,0.8125796914100647,0.7660433650016785,0.8965431451797485,0.08184144645929337,0.48183557391166687,0.45889100432395935,0.5286343693733215,relu,32,0.5,0.3,30
75,06/15/21-123826,06/15/21-123859,32.813705921173096,30,0.03217051178216934,0.7811304926872253,0.7093072533607483,0.8722236752510071,0.0855717584490776,0.43403440713882446,0.39579349756240845,0.47045454382896423,relu,32,0.5,0.0,30
11,06/15/21-120209,06/15/21-120307,57.997294664382935,30,0.07565055042505264,0.39460262656211853,0.13620910048484802,0.7923362255096436,0.07812615483999252,0.31357553601264954,0.10898661613464355,0.7124999761581421,relu,16,0.05,0.3,30
61,06/15/21-123157,06/15/21-123229,32.3580219745636,30,0.07458312064409256,0.41011473536491394,0.15958350896835327,0.757056474685669,0.08792077004909515,0.26959848403930664,0.14722754061222076,0.45562130212783813,relu,32,0.09,0.3,30
57,06/15/21-123000,06/15/21-123034,33.21411728858948,30,0.07716134935617447,0.3778155446052551,0.10879728198051453,0.7828746438026428,0.09321237355470657,0.23135755956172943,0.16634799540042877,0.343873530626297,relu,32,0.07,0.6,30
44,06/15/21-122455,06/15/21-122518,22.572316646575928,20,0.08794877678155899,0.19273267686367035,0.0,0.0,0.088182732462883,0.19694072008132935,0.0,0.0,relu,32,0.01,0.95,30
25,06/15/21-121151,06/15/21-121223,32.22063064575195,17,0.08773806691169739,0.19910752773284912,0.0,0.0,0.08792082965373993,0.19120459258556366,0.0,0.0,relu,16,0.1,0.0,30
17,06/15/21-120615,06/15/21-120636,21.70481300354004,11,0.08802451938390732,0.18954525887966156,0.0,0.0,0.08816144615411758,0.17208412289619446,0.0,0.0,relu,16,0.07,0.6,30
78,06/15/21-124006,06/15/21-124031,24.41506004333496,22,0.08834809809923172,0.1767955869436264,0.00042498938273638487,0.5,0.08851621299982071,0.1701720803976059,0.0,0.0,relu,32,0.5,0.9,30
6,06/15/21-115858,06/15/21-115926,28.225983142852783,14,0.08826779574155807,0.18040798604488373,0.0,0.0,0.08831958472728729,0.1701720803976059,0.0,0.0,relu,16,0.03,0.3,30
45,06/15/21-122518,06/15/21-122538,20.205565452575684,17,0.08915867656469345,0.1793455183506012,0.0,0.0,0.08918845653533936,0.1701720803976059,0.0,0.0,relu,32,0.03,0.0,30
41,06/15/21-122359,06/15/21-122418,19.405254125595093,16,0.08937450498342514,0.1806204915046692,0.0,0.0,0.08936057239770889,0.1701720803976059,0.0,0.0,relu,32,0.01,0.3,30
56,06/15/21-122944,06/15/21-123000,15.76230001449585,11,0.08882315456867218,0.18040798604488373,0.0,0.0,0.08879991620779037,0.16826003789901733,0.0,0.0,relu,32,0.07,0.3,30
62,06/15/21-123230,06/15/21-123243,13.742162942886353,11,0.08813543617725372,0.18019549548625946,0.0,0.0,0.08828046917915344,0.16826003789901733,0.0,0.0,relu,32,0.09,0.6,30
65,06/15/21-123349,06/15/21-123402,13.061246871948242,11,0.08821120858192444,0.17955800890922546,0.0,0.0,0.08834481239318848,0.16826003789901733,0.0,0.0,relu,32,0.1,0.0,30
66,06/15/21-123403,06/15/21-123421,18.216010570526123,13,0.08822686970233917,0.18040798604488373,0.0,0.0,0.08839789032936096,0.16826003789901733,0.0,0.0,relu,32,0.1,0.3,30
67,06/15/21-123421,06/15/21-123435,13.567444562911987,11,0.08814314007759094,0.181895449757576,0.0,0.0,0.08829028159379959,0.16826003789901733,0.0,0.0,relu,32,0.1,0.6,30
0,06/15/21-115524,06/15/21-115554,29.796866178512573,14,0.08902757614850998,0.18040798604488373,0.0,0.0,0.08906420320272446,0.16826003789901733,0.0,0.0,relu,16,0.01,0.0,30
79,06/15/21-124031,06/15/21-124049,18.17456579208374,13,0.08832162618637085,0.18040798604488373,0.0,0.0,0.0884433165192604,0.16826003789901733,0.0,0.0,relu,32,0.5,0.95,30
55,06/15/21-122928,06/15/21-122944,16.713291883468628,13,0.08828558772802353,0.1799830049276352,0.0,0.0,0.08855585008859634,0.16826003789901733,0.0,0.0,relu,32,0.07,0.0,30
38,06/15/21-122253,06/15/21-122316,22.75713038444519,11,0.08831143379211426,0.18040798604488373,0.0,0.0,0.08844558149576187,0.16826003789901733,0.0,0.0,relu,16,0.5,0.9,30
2,06/15/21-115624,06/15/21-115714,49.86933660507202,25,0.08827672153711319,0.18019549548625946,0.0,0.0,0.0883895680308342,0.16826003789901733,0.0,0.0,relu,16,0.01,0.6,30
3,06/15/21-115715,06/15/21-115738,23.07507634162903,11,0.08822530508041382,0.181257963180542,0.0,0.0,0.08827865123748779,0.16826003789901733,0.0,0.0,relu,16,0.01,0.9,30
5,06/15/21-115835,06/15/21-115858,22.441147565841675,11,0.08832529187202454,0.181257963180542,0.0,0.0,0.08846153318881989,0.16826003789901733,0.0,0.0,relu,16,0.03,0.0,30
7,06/15/21-115926,06/15/21-115949,22.91938090324402,11,0.08837414532899857,0.18040798604488373,0.0,0.0,0.08851536363363266,0.16826003789901733,0.0,0.0,relu,16,0.03,0.6,30
10,06/15/21-120144,06/15/21-120209,24.186822175979614,11,0.08844786882400513,0.18040798604488373,0.0,0.0,0.08868366479873657,0.16826003789901733,0.0,0.0,relu,16,0.05,0.0,30
12,06/15/21-120307,06/15/21-120334,26.176355838775635,13,0.0880131870508194,0.18763281404972076,0.0,0.0,0.08818300068378448,0.16826003789901733,0.0,0.0,relu,16,0.05,0.6,30
15,06/15/21-120527,06/15/21-120550,22.526668310165405,11,0.08820101618766785,0.18529537320137024,0.0,0.0,0.08840809017419815,0.16826003789901733,0.0,0.0,relu,16,0.07,0.0,30
21,06/15/21-120857,06/15/21-120919,21.861961841583252,11,0.08813361078500748,0.18508286774158478,0.0,0.0,0.08836884796619415,0.16826003789901733,0.0,0.0,relu,16,0.09,0.3,30
52,06/15/21-122803,06/15/21-122819,16.014145374298096,11,0.08827702701091766,0.18040798604488373,0.0,0.0,0.08842175453901291,0.16826003789901733,0.0,0.0,relu,32,0.05,0.6,30
34,06/15/21-121929,06/15/21-121953,23.95047879219055,11,0.08834318816661835,0.18040798604488373,0.0,0.0,0.08844467252492905,0.16826003789901733,0.0,0.0,relu,16,0.3,0.95,30
39,06/15/21-122317,06/15/21-122344,27.477319955825806,12,0.088355652987957,0.17892052233219147,0.0,0.0,0.08847451210021973,0.16826003789901733,0.0,0.0,relu,16,0.5,0.95,30
1,06/15/21-115554,06/15/21-115624,30.104071378707886,14,0.08846183121204376,0.17913302779197693,0.0,0.0,0.08858069777488708,0.16826003789901733,0.0,0.0,relu,16,0.01,0.3,30
42,06/15/21-122419,06/15/21-122438,19.027902841567993,16,0.08854089677333832,0.18040798604488373,0.0,0.0,0.0887334942817688,0.16826003789901733,0.0,0.0,relu,32,0.01,0.6,30
43,06/15/21-122438,06/15/21-122455,16.7118182182312,12,0.08821618556976318,0.18019549548625946,0.0,0.0,0.08838897198438644,0.16826003789901733,0.0,0.0,relu,32,0.01,0.9,30
46,06/15/21-122539,06/15/21-122556,17.68517303466797,12,0.08875810354948044,0.18040798604488373,0.0,0.0,0.08884773403406143,0.16826003789901733,0.0,0.0,relu,32,0.03,0.3,30
47,06/15/21-122557,06/15/21-122615,18.52226424217224,16,0.08818193525075912,0.181895449757576,0.0,0.0,0.0883370041847229,0.16826003789901733,0.0,0.0,relu,32,0.03,0.6,30
51,06/15/21-122743,06/15/21-122803,19.363257884979248,16,0.0882318839430809,0.1806204915046692,0.0,0.0,0.08841768652200699,0.16826003789901733,0.0,0.0,relu,32,0.05,0.3,30
20,06/15/21-120830,06/15/21-120857,26.14105725288391,12,0.08814772218465805,0.18359540402889252,0.0,0.0,0.08841615915298462,0.16634799540042877,0.0,0.0,relu,16,0.09,0.0,30
16,06/15/21-120550,06/15/21-120614,23.985602378845215,11,0.08796742558479309,0.1793455183506012,0.0,0.0,0.08810971677303314,0.16634799540042877,0.0,0.0,relu,16,0.07,0.3,30
60,06/15/21-123143,06/15/21-123157,13.600706577301025,11,0.08830133825540543,0.17764556407928467,0.0,0.0,0.08856429159641266,0.1644359529018402,0.0,0.0,relu,32,0.09,0.0,30
50,06/15/21-122724,06/15/21-122743,19.083455324172974,14,0.08844857662916183,0.1806204915046692,0.0,0.0,0.08869481831789017,0.16252389550209045,0.0,0.0,relu,32,0.05,0.0,30
40,06/15/21-122344,06/15/21-122359,14.178990602493286,11,0.0898108035326004,0.10922227054834366,0.0,0.0,0.08971993625164032,0.12237093597650528,0.0,0.0,relu,32,0.01,0.0,30
