,start,end,duration,round_epochs,loss,accuracy,recall,precision,val_loss,val_accuracy,val_recall,val_precision,act_fn,batch_size,client_lr,client_momentum,epochs
33,05/16/21-100316,05/16/21-100422,65.26763939857483,24,0.0036138901486992836,0.9823943376541138,0.9823943376541138,0.9928825497627258,0.01669837348163128,0.8884000182151794,0.8791999816894531,0.902484118938446,relu,16,0.5,0.9,50
79,05/16/21-102307,05/16/21-102347,40.166563510894775,31,0.002932045143097639,0.9823943376541138,0.9823943376541138,0.9823943376541138,0.019966725260019302,0.8802000284194946,0.878600001335144,0.8860427737236023,relu,32,0.7,0.95,50
37,05/16/21-100651,05/16/21-100816,85.60740661621094,31,0.004106508102267981,0.9788732528686523,0.9718309640884399,0.982206404209137,0.018497319892048836,0.8759999871253967,0.8641999959945679,0.8916632533073425,relu,16,0.7,0.6,50
28,05/16/21-095554,05/16/21-095705,70.61875128746033,27,0.0041638826951384544,0.9823943376541138,0.9753521084785461,0.9857650995254517,0.019183669239282608,0.8751000165939331,0.8623999953269958,0.8914616703987122,relu,16,0.3,0.9,50
38,05/16/21-100816,05/16/21-100912,55.97832274436951,20,0.00577410077676177,0.9647887349128723,0.9436619877815247,0.9710144996643066,0.02045980468392372,0.8694999814033508,0.8614000082015991,0.8812276124954224,relu,16,0.7,0.9,50
29,05/16/21-095705,05/16/21-095803,57.926889419555664,22,0.005014695692807436,0.9683098793029785,0.9647887349128723,0.9716312289237976,0.020925357937812805,0.8657000064849854,0.8550000190734863,0.8793582320213318,relu,16,0.3,0.95,50
119,05/16/21-103124,05/16/21-103147,23.53227138519287,33,0.003855806775391102,0.9788732528686523,0.9788732528686523,0.9858155846595764,0.021505428478121758,0.8636000156402588,0.8575999736785889,0.8727864623069763,relu,64,0.7,0.95,50
74,05/16/21-102055,05/16/21-102137,42.25381302833557,33,0.0020142223220318556,0.9894366264343262,0.9894366264343262,0.9894366264343262,0.022831685841083527,0.861299991607666,0.8565999865531921,0.8703515529632568,relu,32,0.5,0.95,50
68,05/16/21-101737,05/16/21-101818,41.62354779243469,33,0.005542995408177376,0.9718309640884399,0.9647887349128723,0.9750889539718628,0.021296953782439232,0.8589000105857849,0.8422999978065491,0.8790440559387207,relu,32,0.3,0.9,50
109,05/16/21-102840,05/16/21-102909,29.290430307388306,41,0.004551207646727562,0.9718309640884399,0.9647887349128723,0.9785714149475098,0.02186070941388607,0.85589998960495,0.847000002861023,0.8695206046104431,relu,64,0.3,0.95,50
23,05/16/21-094949,05/16/21-095110,81.44233107566833,33,0.010491723194718361,0.9401408433914185,0.9119718074798584,0.955719530582428,0.023250820115208626,0.8464000225067139,0.8242999911308289,0.8731066584587097,relu,16,0.1,0.9,50
108,05/16/21-102806,05/16/21-102839,32.78931975364685,46,0.010142507962882519,0.9366196990013123,0.9260563254356384,0.9494584798812866,0.02329767309129238,0.8447999954223633,0.8287000060081482,0.8682032227516174,relu,64,0.3,0.9,50
39,05/16/21-100913,05/16/21-100955,42.44306826591492,18,0.026267018169164658,0.8380281925201416,0.8380281925201416,0.8469750881195068,0.025145050138235092,0.8424999713897705,0.83160001039505,0.8582929372787476,relu,16,0.7,0.95,50
32,05/16/21-100158,05/16/21-100316,78.298903465271,29,0.014020968228578568,0.9190140962600708,0.8978873491287231,0.9272727370262146,0.023341001942753792,0.8410000205039978,0.8149999976158142,0.873339056968689,relu,16,0.5,0.6,50
31,05/16/21-100010,05/16/21-100157,106.8749749660492,41,0.01128633413463831,0.9401408433914185,0.9119718074798584,0.94525545835495,0.023985831066966057,0.8388000130653381,0.8140000104904175,0.8662338852882385,relu,16,0.5,0.3,50
69,05/16/21-101819,05/16/21-101853,34.615421295166016,27,0.016099892556667328,0.8978873491287231,0.8873239159584045,0.9197080135345459,0.025313740596175194,0.8382999897003174,0.8270999789237976,0.8544421195983887,relu,32,0.3,0.95,50
73,05/16/21-102023,05/16/21-102055,31.435109615325928,24,0.012795692309737206,0.9119718074798584,0.8943662047386169,0.9338235259056091,0.026206133887171745,0.8241999745368958,0.8050000071525574,0.8478146195411682,relu,32,0.5,0.9,50
13,05/16/21-094202,05/16/21-094351,109.49393796920776,44,0.014715372584760189,0.9119718074798584,0.8661971688270569,0.9461538195610046,0.025986716151237488,0.823199987411499,0.7925000190734863,0.8597309589385986,relu,16,0.05,0.9,50
24,05/16/21-095110,05/16/21-095210,59.389424324035645,24,0.014074315316975117,0.9049295783042908,0.8838028311729431,0.9400749206542969,0.027522200718522072,0.8102999925613403,0.7918999791145325,0.845685601234436,relu,16,0.1,0.95,50
30,05/16/21-095803,05/16/21-100010,126.54286432266235,50,0.017486609518527985,0.8908450603485107,0.8485915660858154,0.94140625,0.027997097000479698,0.8100000023841858,0.7631999850273132,0.8587824702262878,relu,16,0.5,0.0,50
18,05/16/21-094625,05/16/21-094740,74.5526762008667,31,0.02313673123717308,0.8450704216957092,0.7922534942626953,0.87890625,0.028267156332731247,0.8069000244140625,0.7721999883651733,0.8508153557777405,relu,16,0.07,0.9,50
26,05/16/21-095252,05/16/21-095454,122.32547450065613,47,0.017454978078603745,0.8943662047386169,0.827464759349823,0.9362549781799316,0.029312847182154655,0.8032000064849854,0.7573000192642212,0.8469969630241394,relu,16,0.3,0.3,50
99,05/16/21-102613,05/16/21-102648,35.221601486206055,50,0.023564361035823822,0.8591549396514893,0.7887324094772339,0.9294605851173401,0.030438754707574844,0.7950000166893005,0.7394000291824341,0.8534164428710938,relu,64,0.07,0.95,50
34,05/16/21-100422,05/16/21-100505,42.52513766288757,15,0.02077062614262104,0.8697183132171631,0.8661971688270569,0.8880866169929504,0.03669995814561844,0.7756999731063843,0.7652999758720398,0.7897017598152161,relu,16,0.5,0.95,50
78,05/16/21-102244,05/16/21-102307,22.81033992767334,17,0.020558657124638557,0.8661971688270569,0.8133803009986877,0.9130434989929199,0.03098156675696373,0.7754999995231628,0.7444999814033508,0.8365168571472168,relu,32,0.7,0.9,50
72,05/16/21-101939,05/16/21-102023,43.678937673568726,34,0.018696654587984085,0.9049295783042908,0.8239436745643616,0.9285714030265808,0.0333881676197052,0.76910001039505,0.72079998254776,0.8184399008750916,relu,32,0.5,0.6,50
76,05/16/21-102152,05/16/21-102235,42.52196407318115,33,0.02617340162396431,0.841549277305603,0.73591548204422,0.9207048416137695,0.03444213420152664,0.7664999961853027,0.6848999857902527,0.8399558663368225,relu,32,0.7,0.3,50
27,05/16/21-095454,05/16/21-095554,59.23299980163574,22,0.027824465185403824,0.8028169274330139,0.75,0.8765432238578796,0.03475293889641762,0.7578999996185303,0.7038999795913696,0.8242388963699341,relu,16,0.3,0.6,50
113,05/16/21-102948,05/16/21-103008,19.383135080337524,27,0.027638858184218407,0.8169013857841492,0.7676056623458862,0.8755019903182983,0.03532840311527252,0.7555999755859375,0.7304999828338623,0.8176628351211548,relu,64,0.5,0.9,50
36,05/16/21-100538,05/16/21-100650,72.61733722686768,26,0.015297590754926205,0.8978873491287231,0.8732394576072693,0.9429658055305481,0.037943433970212936,0.7444000244140625,0.7124000191688538,0.7761194109916687,relu,16,0.7,0.3,50
114,05/16/21-103008,05/16/21-103030,21.977003574371338,31,0.020134558901190758,0.8732394576072693,0.8521126508712769,0.8832116723060608,0.045106373727321625,0.7142999768257141,0.6976000070571899,0.7326192259788513,relu,64,0.5,0.95,50
117,05/16/21-103051,05/16/21-103117,26.81018590927124,38,0.027107585221529007,0.8098591566085815,0.75,0.894957959651947,0.04268081113696098,0.7037000060081482,0.6574000120162964,0.7497718930244446,relu,64,0.7,0.6,50
64,05/16/21-101630,05/16/21-101703,32.981401681900024,24,0.04299722611904144,0.6901408433914185,0.6267605423927307,0.8165137767791748,0.04620423540472984,0.6686999797821045,0.6233999729156494,0.7843482494354248,relu,32,0.1,0.95,50
70,05/16/21-101853,05/16/21-101921,27.77012324333191,21,0.08429327607154846,0.39084506034851074,0.0,0.0,0.08540964126586914,0.3249000012874603,0.0,0.0,relu,32,0.5,0.0,50
49,05/16/21-101132,05/16/21-101207,35.3519504070282,27,0.08608361333608627,0.3767605721950531,0.0,0.0,0.08700352162122726,0.3124000132083893,0.0,0.0,relu,32,0.03,0.95,50
104,05/16/21-102724,05/16/21-102740,15.832390546798706,21,0.08369790762662888,0.35211268067359924,0.0,0.0,0.08477575331926346,0.2937999963760376,0.0007999999797903001,1.0,relu,64,0.1,0.95,50
12,05/16/21-094100,05/16/21-094201,61.143006563186646,23,0.08949090540409088,0.3697183132171631,0.0,0.0,0.08967572450637817,0.2849999964237213,0.0,0.0,relu,16,0.05,0.6,50
54,05/16/21-101250,05/16/21-101325,34.71761512756348,24,0.08172784745693207,0.3415493071079254,0.007042253389954567,1.0,0.08386538177728653,0.28279998898506165,0.01730000041425228,1.0,relu,32,0.05,0.95,50
59,05/16/21-101422,05/16/21-101442,19.652913331985474,14,0.08692283928394318,0.34507042169570923,0.0,0.0,0.08742432296276093,0.2815000116825104,0.0,0.0,relu,32,0.07,0.95,50
60,05/16/21-101442,05/16/21-101547,64.35266423225403,50,0.08930584043264389,0.35563379526138306,0.0,0.0,0.08955594152212143,0.2782000005245209,0.0,0.0,relu,32,0.1,0.0,50
17,05/16/21-094524,05/16/21-094625,60.27491855621338,23,0.08858285844326019,0.32042253017425537,0.0,0.0,0.08899244666099548,0.2700999975204468,0.0,0.0,relu,16,0.07,0.6,50
110,05/16/21-102909,05/16/21-102927,18.261936902999878,25,0.08936011046171188,0.32042253017425537,0.0,0.0,0.08960317075252533,0.2687000036239624,0.0,0.0,relu,64,0.5,0.0,50
116,05/16/21-103036,05/16/21-103050,14.173839807510376,19,0.08741427212953568,0.3345070481300354,0.0,0.0,0.08820774406194687,0.2635999917984009,0.0,0.0,relu,64,0.7,0.3,50
22,05/16/21-094848,05/16/21-094948,60.49891424179077,24,0.0875362828373909,0.30633804202079773,0.0,0.0,0.08803904801607132,0.26089999079704285,0.0,0.0,relu,16,0.1,0.6,50
106,05/16/21-102746,05/16/21-102755,8.563220500946045,11,0.08931071311235428,0.28169015049934387,0.0,0.0,0.08947539329528809,0.22949999570846558,0.0,0.0,relu,64,0.3,0.3,50
101,05/16/21-102654,05/16/21-102713,18.42454743385315,25,0.08941122144460678,0.27464789152145386,0.0,0.0,0.08965565264225006,0.22030000388622284,0.0,0.0,relu,64,0.1,0.3,50
112,05/16/21-102939,05/16/21-102948,8.725183963775635,11,0.08896315097808838,0.27464789152145386,0.0,0.0,0.08927790820598602,0.21819999814033508,0.0,0.0,relu,64,0.5,0.6,50
19,05/16/21-094740,05/16/21-094803,22.5974338054657,8,0.08442609757184982,0.246478870511055,0.0,0.0,0.08467866480350494,0.21819999814033508,0.01489999983459711,1.0,relu,16,0.07,0.95,50
5,05/16/21-093757,05/16/21-093814,17.16325855255127,6,0.08985546976327896,0.22183097898960114,0.0,0.0,0.0898786410689354,0.20589999854564667,0.0,0.0,relu,16,0.03,0.0,50
111,05/16/21-102928,05/16/21-102939,11.524285316467285,15,0.08933602273464203,0.22183097898960114,0.0,0.0,0.08952274173498154,0.20409999787807465,0.0,0.0,relu,64,0.5,0.3,50
92,05/16/21-102510,05/16/21-102516,5.709584951400757,6,0.08981847763061523,0.19718310236930847,0.0,0.0,0.08988133817911148,0.19689999520778656,0.0,0.0,relu,64,0.05,0.6,50
9,05/16/21-093934,05/16/21-093958,24.240544319152832,8,0.08927563577890396,0.246478870511055,0.0,0.0,0.08957809954881668,0.19679999351501465,0.0,0.0,relu,16,0.03,0.95,50
8,05/16/21-093851,05/16/21-093933,42.330944299697876,16,0.0892149955034256,0.23239436745643616,0.0,0.0,0.08942622691392899,0.19670000672340393,0.0,0.0,relu,16,0.03,0.9,50
94,05/16/21-102528,05/16/21-102538,10.403712034225464,13,0.08942927420139313,0.24295774102210999,0.0,0.0,0.08964094519615173,0.19370000064373016,0.0,0.0,relu,64,0.05,0.95,50
77,05/16/21-102235,05/16/21-102244,8.553175449371338,6,0.08887737989425659,0.24295774102210999,0.0,0.0,0.08904950320720673,0.19300000369548798,0.0,0.0,relu,32,0.7,0.6,50
63,05/16/21-101607,05/16/21-101630,22.60842537879944,16,0.08815770596265793,0.23943662643432617,0.0,0.0,0.08889558911323547,0.1915999948978424,0.0,0.0,relu,32,0.1,0.9,50
118,05/16/21-103118,05/16/21-103124,5.956114768981934,7,0.08712520450353622,0.23943662643432617,0.0,0.0,0.08734921365976334,0.19110000133514404,0.0,0.0,relu,64,0.7,0.9,50
75,05/16/21-102137,05/16/21-102152,14.839121580123901,11,0.08942266553640366,0.246478870511055,0.0,0.0,0.08962190896272659,0.18960000574588776,0.0,0.0,relu,32,0.7,0.0,50
93,05/16/21-102516,05/16/21-102528,11.99780797958374,16,0.08965105563402176,0.2077464759349823,0.0,0.0,0.08972672373056412,0.1876000016927719,0.0,0.0,relu,64,0.05,0.9,50
35,05/16/21-100505,05/16/21-100537,32.38640308380127,11,0.0846564993262291,0.3380281627178192,0.0,0.0,0.08507319539785385,0.1873999983072281,0.002099999925121665,1.0,relu,16,0.7,0.0,50
25,05/16/21-095210,05/16/21-095251,41.2807822227478,14,0.0885428637266159,0.23239436745643616,0.0,0.0,0.0892428532242775,0.18700000643730164,0.0,0.0,relu,16,0.3,0.0,50
14,05/16/21-094351,05/16/21-094416,24.864561557769775,9,0.08738675713539124,0.23591549694538116,0.0,0.0,0.08756767213344574,0.1826000064611435,0.0,0.0,relu,16,0.05,0.95,50
58,05/16/21-101401,05/16/21-101422,21.381328582763672,15,0.08923214673995972,0.22887323796749115,0.0,0.0,0.08941809087991714,0.1800999939441681,0.0,0.0,relu,32,0.07,0.9,50
45,05/16/21-101045,05/16/21-101055,9.688825607299805,6,0.08980394154787064,0.2077464759349823,0.0,0.0,0.08985743671655655,0.17730000615119934,0.0,0.0,relu,32,0.03,0.0,50
67,05/16/21-101724,05/16/21-101736,12.35409688949585,9,0.0895380824804306,0.19014084339141846,0.0,0.0,0.0897250846028328,0.17720000445842743,0.0,0.0,relu,32,0.3,0.6,50
95,05/16/21-102539,05/16/21-102556,17.280797243118286,24,0.08981069922447205,0.2077464759349823,0.0,0.0,0.0899006798863411,0.17710000276565552,0.0,0.0,relu,64,0.07,0.0,50
3,05/16/21-093655,05/16/21-093738,43.661691427230835,16,0.08968804776668549,0.23943662643432617,0.0,0.0,0.08980140835046768,0.16859999299049377,0.0,0.0,relu,16,0.01,0.9,50
71,05/16/21-101921,05/16/21-101939,17.37684941291809,13,0.08720868080854416,0.2112676054239273,0.0,0.0,0.08798341453075409,0.16760000586509705,0.0,0.0,relu,32,0.5,0.3,50
16,05/16/21-094436,05/16/21-094524,47.951592683792114,19,0.08951561152935028,0.21830986440181732,0.0,0.0,0.08963371813297272,0.16750000417232513,0.0,0.0,relu,16,0.07,0.3,50
21,05/16/21-094820,05/16/21-094848,27.221357345581055,9,0.08968151360750198,0.1690140813589096,0.0,0.0,0.08975714445114136,0.1673000007867813,0.0,0.0,relu,16,0.1,0.3,50
115,05/16/21-103030,05/16/21-103036,5.401048421859741,6,0.0897018164396286,0.17605634033679962,0.0,0.0,0.08986113220453262,0.1607999950647354,0.0,0.0,relu,64,0.7,0.0,50
107,05/16/21-102755,05/16/21-102806,10.827404975891113,14,0.08923134952783585,0.18309858441352844,0.0,0.0,0.08947541564702988,0.15549999475479126,0.0,0.0,relu,64,0.3,0.6,50
48,05/16/21-101116,05/16/21-101132,16.006311416625977,11,0.08978395164012909,0.2077464759349823,0.0,0.0,0.08986025303602219,0.15520000457763672,0.0,0.0,relu,32,0.03,0.9,50
90,05/16/21-102447,05/16/21-102504,16.682948112487793,23,0.08988220989704132,0.19366197288036346,0.0,0.0,0.089928038418293,0.15330000221729279,0.0,0.0,relu,64,0.05,0.0,50
6,05/16/21-093815,05/16/21-093833,18.044057846069336,6,0.08983543515205383,0.15140844881534576,0.0,0.0,0.08985886722803116,0.1517000049352646,0.0,0.0,relu,16,0.03,0.3,50
10,05/16/21-093958,05/16/21-094042,43.442830085754395,16,0.08965048938989639,0.17605634033679962,0.0,0.0,0.08980512619018555,0.14329999685287476,0.0,0.0,relu,16,0.05,0.0,50
81,05/16/21-102353,05/16/21-102359,5.455423593521118,6,0.09000268578529358,0.13028168678283691,0.0,0.0,0.08996478468179703,0.14159999787807465,0.0,0.0,relu,64,0.01,0.3,50
89,05/16/21-102440,05/16/21-102447,6.644670724868774,8,0.0897643193602562,0.13732394576072693,0.0,0.0,0.08974049985408783,0.13210000097751617,0.0,0.0,relu,64,0.03,0.95,50
57,05/16/21-101346,05/16/21-101400,14.673110485076904,10,0.08986330032348633,0.17605634033679962,0.0,0.0,0.08989301323890686,0.125900000333786,0.0,0.0,relu,32,0.07,0.6,50
41,05/16/21-101005,05/16/21-101015,9.837238311767578,6,0.0900183841586113,0.1232394352555275,0.0,0.0,0.08999472111463547,0.12540000677108765,0.0,0.0,relu,32,0.01,0.3,50
97,05/16/21-102602,05/16/21-102607,5.193013429641724,6,0.08993049710988998,0.11619718372821808,0.0,0.0,0.08994556218385696,0.1185000017285347,0.0,0.0,relu,64,0.07,0.6,50
85,05/16/21-102416,05/16/21-102421,5.167776584625244,6,0.08989997208118439,0.14788731932640076,0.0,0.0,0.0899929478764534,0.1177000030875206,0.0,0.0,relu,64,0.03,0.0,50
84,05/16/21-102410,05/16/21-102415,5.318497180938721,6,0.08994954824447632,0.15492957830429077,0.0,0.0,0.08995514363050461,0.11670000106096268,0.0,0.0,relu,64,0.01,0.95,50
42,05/16/21-101015,05/16/21-101025,9.71183705329895,6,0.08991295099258423,0.15492957830429077,0.0,0.0,0.08999595046043396,0.11580000072717667,0.0,0.0,relu,32,0.01,0.6,50
43,05/16/21-101025,05/16/21-101035,9.715662240982056,6,0.08992327004671097,0.14084507524967194,0.0,0.0,0.08999369293451309,0.11270000040531158,0.0,0.0,relu,32,0.01,0.9,50
56,05/16/21-101336,05/16/21-101345,9.595608949661255,6,0.08992146700620651,0.13380281627178192,0.0,0.0,0.08995053172111511,0.1111999973654747,0.0,0.0,relu,32,0.07,0.3,50
66,05/16/21-101712,05/16/21-101724,11.325744867324829,8,0.0896933302283287,0.13028168678283691,0.0,0.0,0.08979353308677673,0.11079999804496765,0.0,0.0,relu,32,0.3,0.3,50
20,05/16/21-094803,05/16/21-094820,17.090306043624878,6,0.08988552540540695,0.13380281627178192,0.0,0.0,0.0899195522069931,0.1103999987244606,0.0,0.0,relu,16,0.1,0.0,50
55,05/16/21-101325,05/16/21-101335,10.096242666244507,6,0.08983650803565979,0.10915493220090866,0.0,0.0,0.08993485569953918,0.10779999941587448,0.0,0.0,relu,32,0.07,0.0,50
82,05/16/21-102359,05/16/21-102404,5.209072828292847,6,0.08990032225847244,0.10915493220090866,0.0,0.0,0.08991269022226334,0.10589999705553055,0.0,0.0,relu,64,0.01,0.6,50
103,05/16/21-102719,05/16/21-102724,5.319422483444214,6,0.08976361155509949,0.10563380271196365,0.0,0.0,0.08981554955244064,0.10570000112056732,0.0,0.0,relu,64,0.1,0.9,50
88,05/16/21-102432,05/16/21-102440,7.84322714805603,10,0.08977901190519333,0.11971831321716309,0.0,0.0,0.08987367898225784,0.1054999977350235,0.0,0.0,relu,64,0.03,0.9,50
105,05/16/21-102740,05/16/21-102746,5.751309156417847,6,0.08983300626277924,0.09859155118465424,0.0,0.0,0.08982905000448227,0.10369999706745148,0.0,0.0,relu,64,0.3,0.0,50
53,05/16/21-101239,05/16/21-101250,10.637842655181885,6,0.08983612060546875,0.11267605423927307,0.0,0.0,0.08988072723150253,0.10369999706745148,0.0,0.0,relu,32,0.05,0.9,50
11,05/16/21-094042,05/16/21-094100,17.37100863456726,6,0.08988860994577408,0.11971831321716309,0.0,0.0,0.08988463133573532,0.10360000282526016,0.0,0.0,relu,16,0.05,0.3,50
65,05/16/21-101703,05/16/21-101712,8.732565641403198,6,0.08995978534221649,0.11619718372821808,0.0,0.0,0.08997046947479248,0.10329999774694443,0.0,0.0,relu,32,0.3,0.0,50
102,05/16/21-102713,05/16/21-102718,5.430136442184448,6,0.08994647115468979,0.11619718372821808,0.0,0.0,0.08989765495061874,0.10279999673366547,0.0,0.0,relu,64,0.1,0.6,50
98,05/16/21-102608,05/16/21-102613,5.3662269115448,6,0.0899345800280571,0.09859155118465424,0.0,0.0,0.08994706720113754,0.10130000114440918,0.0,0.0,relu,64,0.07,0.9,50
87,05/16/21-102427,05/16/21-102432,5.243287086486816,6,0.09011103212833405,0.0845070406794548,0.0,0.0,0.0900627076625824,0.10119999945163727,0.0,0.0,relu,64,0.03,0.6,50
44,05/16/21-101035,05/16/21-101045,9.602974891662598,6,0.08990156650543213,0.13028168678283691,0.0,0.0,0.08997035771608353,0.10109999775886536,0.0,0.0,relu,32,0.01,0.95,50
62,05/16/21-101557,05/16/21-101607,9.551645278930664,6,0.08984358608722687,0.13028168678283691,0.0,0.0,0.08999169617891312,0.1006999984383583,0.0,0.0,relu,32,0.1,0.6,50
86,05/16/21-102421,05/16/21-102426,5.402671813964844,6,0.09001220017671585,0.10211267322301865,0.0,0.0,0.09001768380403519,0.0982000008225441,0.0,0.0,relu,64,0.03,0.3,50
46,05/16/21-101055,05/16/21-101105,10.036375045776367,6,0.09009017050266266,0.09859155118465424,0.0,0.0,0.09007235616445541,0.09809999912977219,0.0,0.0,relu,32,0.03,0.3,50
51,05/16/21-101218,05/16/21-101228,10.083451271057129,6,0.08991773426532745,0.1232394352555275,0.0,0.0,0.09002470970153809,0.09799999743700027,0.0,0.0,relu,32,0.05,0.3,50
61,05/16/21-101547,05/16/21-101557,9.610928058624268,6,0.08994627743959427,0.11619718372821808,0.0,0.0,0.08996845781803131,0.09730000048875809,0.0,0.0,relu,32,0.1,0.3,50
47,05/16/21-101106,05/16/21-101115,9.796152114868164,6,0.09006384760141373,0.10563380271196365,0.0,0.0,0.0900290310382843,0.09640000015497208,0.0,0.0,relu,32,0.03,0.6,50
1,05/16/21-093614,05/16/21-093635,20.699826955795288,6,0.09007955342531204,0.09154929220676422,0.0,0.0,0.09004650264978409,0.094200000166893,0.0,0.0,relu,16,0.01,0.3,50
7,05/16/21-093833,05/16/21-093851,17.82902240753174,6,0.08994147926568985,0.09154929220676422,0.0,0.0,0.0899752527475357,0.0917000025510788,0.0,0.0,relu,16,0.03,0.6,50
0,05/16/21-093552,05/16/21-093614,21.49764609336853,6,0.0900108814239502,0.10211267322301865,0.0,0.0,0.08999361842870712,0.08950000256299973,0.0,0.0,relu,16,0.01,0.0,50
2,05/16/21-093635,05/16/21-093654,19.078367471694946,6,0.0900380089879036,0.08802817016839981,0.0,0.0,0.0900217741727829,0.08810000121593475,0.0,0.0,relu,16,0.01,0.6,50
83,05/16/21-102404,05/16/21-102410,5.497849464416504,6,0.08988700807094574,0.08802817016839981,0.0,0.0,0.08993697166442871,0.08529999852180481,0.0,0.0,relu,64,0.01,0.9,50
40,05/16/21-100955,05/16/21-101005,9.184643507003784,6,0.09004896879196167,0.06690140813589096,0.0,0.0,0.09007983654737473,0.08500000089406967,0.0,0.0,relu,32,0.01,0.0,50
50,05/16/21-101208,05/16/21-101217,9.814568996429443,6,0.09004484862089157,0.0845070406794548,0.0,0.0,0.0900207981467247,0.08410000056028366,0.0,0.0,relu,32,0.05,0.0,50
96,05/16/21-102556,05/16/21-102602,5.484287738800049,6,0.08993065357208252,0.07746478915214539,0.0,0.0,0.08993709832429886,0.08030000329017639,0.0,0.0,relu,64,0.07,0.3,50
15,05/16/21-094417,05/16/21-094436,19.156018495559692,6,0.08999744802713394,0.11971831321716309,0.0,0.0,0.09002120792865753,0.07490000128746033,0.0,0.0,relu,16,0.07,0.0,50
4,05/16/21-093739,05/16/21-093757,18.14654779434204,6,0.08970058709383011,0.0845070406794548,0.0,0.0,0.08978912979364395,0.07410000264644623,0.0,0.0,relu,16,0.01,0.95,50
91,05/16/21-102504,05/16/21-102510,5.3129682540893555,6,0.09001675993204117,0.06338027864694595,0.0,0.0,0.09005221724510193,0.05350000038743019,0.0,0.0,relu,64,0.05,0.3,50
52,05/16/21-101228,05/16/21-101239,10.706146240234375,6,0.09006998687982559,0.0422535203397274,0.0,0.0,0.0900527834892273,0.041200000792741776,0.0,0.0,relu,32,0.05,0.6,50
80,05/16/21-102348,05/16/21-102353,5.304251670837402,6,0.09022378921508789,0.02464788779616356,0.0,0.0,0.0901658833026886,0.039400000125169754,0.0,0.0,relu,64,0.01,0.0,50
100,05/16/21-102649,05/16/21-102654,5.450820446014404,6,0.08989335596561432,0.0211267601698637,0.0,0.0,0.08998993784189224,0.023399999365210533,0.0,0.0,relu,64,0.1,0.0,50
