,start,end,duration,round_epochs,loss,accuracy,recall,precision,val_loss,val_accuracy,val_recall,val_precision,act_fn,batch_size,client_lr,client_momentum,epochs
78,06/21/21-220630,06/21/21-220653,22.845829486846924,25,0.0006587782991118729,0.9965608716011047,0.9965608716011047,0.9973524212837219,0.0056936247274279594,0.9666666388511658,0.9666666388511658,0.9666666388511658,relu,32,0.5,0.9,30
33,06/21/21-214202,06/21/21-214238,35.69786834716797,21,0.0011832512682303786,0.9928571581840515,0.991534411907196,0.9931107759475708,0.006008596625179052,0.961904764175415,0.961904764175415,0.964200496673584,relu,16,0.3,0.9,30
29,06/21/21-213908,06/21/21-213942,34.54615092277527,21,0.0011444510892033577,0.994179904460907,0.9936507940292358,0.995230495929718,0.00638500414788723,0.961904764175415,0.9595237970352173,0.9618138670921326,relu,16,0.1,0.95,30
19,06/21/21-213118,06/21/21-213203,44.3479950428009,28,0.0009032521047629416,0.9949735403060913,0.9947090148925781,0.9957627058029175,0.006876061204820871,0.961904764175415,0.9595237970352173,0.9618138670921326,relu,16,0.07,0.95,30
34,06/21/21-214238,06/21/21-214326,47.45094275474548,29,0.002410440007224679,0.9843915104866028,0.9843915104866028,0.9851734042167664,0.0075258309952914715,0.9595237970352173,0.9571428298950195,0.9594271779060364,relu,16,0.3,0.95,30
18,06/21/21-213031,06/21/21-213118,47.043795585632324,29,0.0029364305082708597,0.9835978746414185,0.9812169075012207,0.9846031069755554,0.008144768886268139,0.9571428298950195,0.9476190209388733,0.9636803865432739,relu,16,0.07,0.9,30
64,06/21/21-215930,06/21/21-220001,30.39804768562317,30,0.0016172663308680058,0.9910053014755249,0.9899470806121826,0.9928362965583801,0.007409016136080027,0.9571428298950195,0.9571428298950195,0.9640287756919861,relu,32,0.09,0.95,30
73,06/21/21-220412,06/21/21-220443,30.377257347106934,30,0.0006627900875173509,0.9965608716011047,0.9962962865829468,0.9965599179267883,0.007946141995489597,0.9547619223594666,0.9523809552192688,0.9569377899169922,relu,32,0.3,0.9,30
38,06/21/21-214517,06/21/21-214552,34.743704080581665,19,0.0015092977555468678,0.9910053014755249,0.9907407164573669,0.9915276765823364,0.007791107054799795,0.9547619223594666,0.9523809552192688,0.9546539187431335,relu,16,0.5,0.9,30
74,06/21/21-220443,06/21/21-220506,22.61732244491577,21,0.0008565124589949846,0.9952380657196045,0.9947090148925781,0.9954990744590759,0.007703238632529974,0.9523809552192688,0.949999988079071,0.9522672891616821,relu,32,0.3,0.95,30
35,06/21/21-214326,06/21/21-214408,41.86149549484253,26,0.00356696848757565,0.9785714149475098,0.976190447807312,0.9819052815437317,0.009024004451930523,0.9523809552192688,0.9428571462631226,0.9542168378829956,relu,16,0.5,0.0,30
32,06/21/21-214114,06/21/21-214202,47.7572546005249,29,0.0020958047825843096,0.988095223903656,0.9878306984901428,0.990450918674469,0.007939979434013367,0.9523809552192688,0.9476190209388733,0.9544364213943481,relu,16,0.3,0.6,30
37,06/21/21-214440,06/21/21-214517,37.39255738258362,22,0.002188969636335969,0.9886243343353271,0.9873015880584717,0.9891332983970642,0.007905143313109875,0.9523809552192688,0.9476190209388733,0.9544364213943481,relu,16,0.5,0.6,30
13,06/21/21-212631,06/21/21-212718,47.14064383506775,30,0.0036843186244368553,0.9783068895339966,0.9759259223937988,0.9821618795394897,0.009136756882071495,0.949999988079071,0.9476190209388733,0.9521530866622925,relu,16,0.05,0.9,30
24,06/21/21-213526,06/21/21-213605,38.615402936935425,24,0.0010557094356045127,0.994179904460907,0.9936507940292358,0.9957582354545593,0.008458651602268219,0.949999988079071,0.949999988079071,0.9545454382896423,relu,16,0.09,0.95,30
23,06/21/21-213436,06/21/21-213526,49.665929079055786,30,0.0018218763871118426,0.9888888597488403,0.988359808921814,0.9904559850692749,0.008306297473609447,0.9476190209388733,0.9452381134033203,0.9474940299987793,relu,16,0.09,0.9,30
69,06/21/21-220206,06/21/21-220235,29.64243793487549,29,0.001314067281782627,0.9928571581840515,0.9925925731658936,0.9941706657409668,0.00808760616928339,0.9476190209388733,0.9452381134033203,0.9497607946395874,relu,32,0.1,0.95,30
59,06/21/21-215654,06/21/21-215725,30.623114109039307,28,0.0023003392852842808,0.9862433671951294,0.9849206209182739,0.9891073107719421,0.008229325525462627,0.9476190209388733,0.9452381134033203,0.9520383477210999,relu,32,0.07,0.95,30
14,06/21/21-212718,06/21/21-212807,48.92634105682373,30,0.0018566222861409187,0.9888888597488403,0.9870370626449585,0.9899177551269531,0.00819709524512291,0.9476190209388733,0.9404761791229248,0.9495192170143127,relu,16,0.05,0.95,30
77,06/21/21-220605,06/21/21-220630,24.361712217330933,27,0.00308117619715631,0.982275128364563,0.9801587462425232,0.984586775302887,0.00797982793301344,0.9476190209388733,0.9428571462631226,0.95652174949646,relu,32,0.5,0.6,30
76,06/21/21-220536,06/21/21-220605,29.22719430923462,29,0.0040938896127045155,0.9767195582389832,0.9724867939949036,0.9805281162261963,0.00945567898452282,0.9428571462631226,0.9404761791229248,0.9472422003746033,relu,32,0.5,0.3,30
79,06/21/21-220653,06/21/21-220716,22.65283489227295,25,0.0012764929560944438,0.9917989373207092,0.991534411907196,0.9931107759475708,0.009061286225914955,0.9428571462631226,0.9428571462631226,0.9428571462631226,relu,32,0.5,0.95,30
31,06/21/21-214026,06/21/21-214114,47.69769048690796,30,0.003922317177057266,0.9759259223937988,0.9716930985450745,0.9815606474876404,0.008749310858547688,0.9404761791229248,0.938095211982727,0.9471153616905212,relu,16,0.3,0.3,30
28,06/21/21-213829,06/21/21-213907,38.29440474510193,23,0.0022231529001146555,0.9875661134719849,0.9867724776268005,0.9899150729179382,0.009949350729584694,0.9357143044471741,0.9333333373069763,0.9377990365028381,relu,16,0.1,0.9,30
9,06/21/21-212319,06/21/21-212408,48.70606064796448,29,0.002799129346385598,0.9838624596595764,0.9820106029510498,0.9864469766616821,0.010580015368759632,0.9333333373069763,0.9285714030265808,0.9420289993286133,relu,16,0.03,0.95,30
68,06/21/21-220133,06/21/21-220205,32.20476770401001,30,0.003037028945982456,0.9835978746414185,0.9798941612243652,0.9856306314468384,0.01015476230531931,0.9285714030265808,0.9214285612106323,0.9347826242446899,relu,32,0.1,0.9,30
54,06/21/21-215410,06/21/21-215442,32.420594453811646,29,0.0034497545566409826,0.9801587462425232,0.9780423045158386,0.9832446575164795,0.012101281434297562,0.9285714030265808,0.9190475940704346,0.9368932247161865,relu,32,0.05,0.95,30
36,06/21/21-214408,06/21/21-214439,31.261253595352173,19,0.004306580405682325,0.9740740656852722,0.970370352268219,0.9776119589805603,0.011248232796788216,0.9285714030265808,0.9238095283508301,0.9349397420883179,relu,16,0.5,0.3,30
8,06/21/21-212232,06/21/21-212319,47.70534873008728,30,0.004849317483603954,0.9727513194084167,0.9653438925743103,0.9785465002059937,0.01125349197536707,0.9285714030265808,0.9166666865348816,0.9344660043716431,relu,16,0.03,0.9,30
22,06/21/21-213344,06/21/21-213436,52.268908739089966,30,0.0066035897471010685,0.9595237970352173,0.9518518447875977,0.9677245616912842,0.011385507881641388,0.9261904954910278,0.9095237851142883,0.936274528503418,relu,16,0.09,0.6,30
27,06/21/21-213741,06/21/21-213829,48.11344838142395,30,0.006918746512383223,0.9566137790679932,0.9505290985107422,0.9648227691650391,0.012043638154864311,0.9261904954910278,0.9166666865348816,0.9390243887901306,relu,16,0.1,0.6,30
63,06/21/21-215903,06/21/21-215930,26.688517093658447,24,0.004777777474373579,0.9685184955596924,0.964550256729126,0.9738247990608215,0.011608527973294258,0.9238095283508301,0.9166666865348816,0.9322034120559692,relu,32,0.09,0.9,30
49,06/21/21-215126,06/21/21-215159,32.7656831741333,30,0.005127789918333292,0.9708994626998901,0.9666666388511658,0.9738805890083313,0.012091862969100475,0.9214285612106323,0.9166666865348816,0.9277108311653137,relu,32,0.03,0.95,30
58,06/21/21-215621,06/21/21-215654,32.92293310165405,30,0.004777566529810429,0.9732804298400879,0.9690476059913635,0.9783653616905212,0.011930081062018871,0.9166666865348816,0.9071428775787354,0.9247573018074036,relu,32,0.07,0.9,30
17,06/21/21-212943,06/21/21-213030,47.55063343048096,30,0.008886159397661686,0.944179892539978,0.9351851940155029,0.9587740898132324,0.014442753978073597,0.9142857193946838,0.8880952596664429,0.92555832862854,relu,16,0.07,0.6,30
72,06/21/21-220341,06/21/21-220412,31.372623443603516,30,0.004287568852305412,0.9748677015304565,0.9711640477180481,0.9802403450012207,0.011990510858595371,0.9142857193946838,0.9119047522544861,0.9251207709312439,relu,32,0.3,0.6,30
53,06/21/21-215337,06/21/21-215409,32.550395250320435,30,0.006489246152341366,0.9616402387619019,0.9558200836181641,0.9699329137802124,0.013324547559022903,0.9142857193946838,0.8928571343421936,0.9282178282737732,relu,32,0.05,0.9,30
30,06/21/21-213943,06/21/21-214026,42.97695589065552,27,0.0052837226539850235,0.970370352268219,0.9626984000205994,0.9753417372703552,0.012807280756533146,0.9119047522544861,0.9047619104385376,0.9223300814628601,relu,16,0.3,0.0,30
71,06/21/21-220310,06/21/21-220340,30.730324029922485,30,0.007563910912722349,0.956084668636322,0.9449735283851624,0.964102566242218,0.013740942813456059,0.9095237851142883,0.8976190686225891,0.9285714030265808,relu,32,0.3,0.3,30
26,06/21/21-213653,06/21/21-213740,47.658469676971436,30,0.010456915013492107,0.9359788298606873,0.9214285612106323,0.9477550983428955,0.01518916990607977,0.8999999761581421,0.8714285492897034,0.9195979833602905,relu,16,0.1,0.3,30
4,06/21/21-211936,06/21/21-212023,46.8625910282135,30,0.0076386225409805775,0.9531745910644531,0.9457672238349915,0.9641315937042236,0.013812833465635777,0.8999999761581421,0.8880952596664429,0.9187192320823669,relu,16,0.01,0.95,30
21,06/21/21-213254,06/21/21-213344,49.836751222610474,30,0.011934773065149784,0.926719605922699,0.9100528955459595,0.943499743938446,0.01653199829161167,0.8904761672019958,0.8523809313774109,0.9179487228393555,relu,16,0.09,0.3,30
12,06/21/21-212543,06/21/21-212631,47.63831806182861,30,0.011777363717556,0.9253968000411987,0.9092592597007751,0.9429355263710022,0.017894374206662178,0.8880952596664429,0.8690476417541504,0.910224437713623,relu,16,0.05,0.6,30
48,06/21/21-215053,06/21/21-215125,31.97940683364868,30,0.009557987563312054,0.9378306865692139,0.9253968000411987,0.954954981803894,0.017384404316544533,0.8857142925262451,0.8738095164299011,0.8995097875595093,relu,32,0.03,0.9,30
70,06/21/21-220236,06/21/21-220309,33.725563526153564,28,0.009732606820762157,0.9417989253997803,0.9272486567497253,0.9545207023620605,0.01665310375392437,0.8833333253860474,0.8666666746139526,0.9077306985855103,relu,32,0.3,0.0,30
25,06/21/21-213605,06/21/21-213652,46.99284815788269,30,0.01373396348208189,0.9134920835494995,0.894444465637207,0.9363057613372803,0.01874838024377823,0.8738095164299011,0.8380952477455139,0.893401026725769,relu,16,0.1,0.0,30
67,06/21/21-220102,06/21/21-220133,30.712642192840576,30,0.011798273772001266,0.9261904954910278,0.9082010388374329,0.9433910250663757,0.018995724618434906,0.8738095164299011,0.8452380895614624,0.8987341523170471,relu,32,0.1,0.6,30
57,06/21/21-215548,06/21/21-215620,32.30697703361511,30,0.015232646837830544,0.8986772298812866,0.8769841194152832,0.9246861934661865,0.019741252064704895,0.8714285492897034,0.8428571224212646,0.905370831489563,relu,32,0.07,0.6,30
44,06/21/21-214841,06/21/21-214915,34.16807746887207,30,0.014802530407905579,0.9050264358520508,0.8785714507102966,0.9323413968086243,0.0201608594506979,0.8642857074737549,0.8285714387893677,0.8969072103500366,relu,32,0.01,0.95,30
16,06/21/21-212855,06/21/21-212942,47.13651990890503,30,0.013996439054608345,0.9132274985313416,0.8936507701873779,0.936252772808075,0.02009446918964386,0.8595238327980042,0.8500000238418579,0.8947368264198303,relu,16,0.07,0.3,30
62,06/21/21-215830,06/21/21-215903,33.0780816078186,30,0.012959500774741173,0.9185185432434082,0.8999999761581421,0.9397789835929871,0.021159444004297256,0.8571428656578064,0.8333333134651184,0.8860759735107422,relu,32,0.09,0.6,30
3,06/21/21-211848,06/21/21-211936,47.48221516609192,30,0.013704797253012657,0.9119047522544861,0.891269862651825,0.9340171813964844,0.020325245335698128,0.8571428656578064,0.8357142806053162,0.8999999761581421,relu,16,0.01,0.9,30
52,06/21/21-215304,06/21/21-215337,32.578359842300415,30,0.017272774130105972,0.8878306746482849,0.8579365015029907,0.9194782972335815,0.02331741712987423,0.8547618985176086,0.8095238208770752,0.8947368264198303,relu,32,0.05,0.6,30
20,06/21/21-213203,06/21/21-213254,50.77483057975769,30,0.014194450341165066,0.9076719284057617,0.8857142925262451,0.9312934875488281,0.02231648936867714,0.8500000238418579,0.8190476298332214,0.8820512890815735,relu,16,0.09,0.0,30
11,06/21/21-212455,06/21/21-212543,47.23134922981262,30,0.016388243064284325,0.8941798806190491,0.8645502924919128,0.9249929189682007,0.021943239495158195,0.8476190567016602,0.811904788017273,0.8834196925163269,relu,16,0.05,0.3,30
7,06/21/21-212144,06/21/21-212231,47.19951796531677,30,0.017074888572096825,0.8888888955116272,0.8550264835357666,0.9200114011764526,0.022878676652908325,0.8452380895614624,0.8095238208770752,0.897097647190094,relu,16,0.03,0.6,30
61,06/21/21-215757,06/21/21-215830,32.86268401145935,30,0.018276184797286987,0.8801587224006653,0.8481481671333313,0.9204708337783813,0.023711377754807472,0.8404762148857117,0.7952380776405334,0.8835979104042053,relu,32,0.09,0.3,30
75,06/21/21-220506,06/21/21-220536,29.584109783172607,30,0.0071488311514258385,0.9542328119277954,0.9465608596801758,0.9652009606361389,0.02581690438091755,0.8309524059295654,0.8166666626930237,0.8618090748786926,relu,32,0.5,0.0,30
10,06/21/21-212408,06/21/21-212455,46.587815284729004,30,0.024861538782715797,0.8420634865760803,0.7671957612037659,0.9113764762878418,0.03019842505455017,0.8023809790611267,0.7142857313156128,0.8771929740905762,relu,16,0.05,0.0,30
43,06/21/21-214805,06/21/21-214841,35.6162326335907,30,0.021085666492581367,0.864814817905426,0.8124338388442993,0.9107354879379272,0.027409974485635757,0.8023809790611267,0.7690476179122925,0.8753387331962585,relu,32,0.01,0.9,30
6,06/21/21-212057,06/21/21-212144,46.77348494529724,30,0.022402605041861534,0.858994722366333,0.7968254089355469,0.9132807850837708,0.027795501053333282,0.800000011920929,0.7571428418159485,0.8983050584793091,relu,16,0.03,0.3,30
15,06/21/21-212808,06/21/21-212855,47.40900230407715,30,0.017519909888505936,0.8865079283714294,0.855555534362793,0.9218928217887878,0.030167322605848312,0.7976190447807312,0.7595238089561462,0.8328981995582581,relu,16,0.07,0.0,30
66,06/21/21-220031,06/21/21-220102,30.977838277816772,30,0.016463566571474075,0.8949735164642334,0.8629629611968994,0.927495002746582,0.03183944523334503,0.7833333611488342,0.7690476179122925,0.8260869383811951,relu,32,0.1,0.3,30
47,06/21/21-215021,06/21/21-215053,32.48926138877869,30,0.027164684608578682,0.8275132179260254,0.7280423045158386,0.9118621349334717,0.03233639895915985,0.7809523940086365,0.6857143044471741,0.8648648858070374,relu,32,0.03,0.6,30
56,06/21/21-215516,06/21/21-215548,32.15841197967529,30,0.02144894190132618,0.8624338507652283,0.8076719641685486,0.9124327301979065,0.031218135729432106,0.776190459728241,0.7333333492279053,0.8369565010070801,relu,32,0.07,0.3,30
65,06/21/21-220001,06/21/21-220030,29.455938816070557,30,0.020596366375684738,0.8661375641822815,0.8185185194015503,0.9121462106704712,0.0322793647646904,0.7642857432365417,0.7190476059913635,0.8342541456222534,relu,32,0.1,0.0,30
60,06/21/21-215725,06/21/21-215756,31.349387168884277,30,0.0243731290102005,0.8415343761444092,0.7767195701599121,0.9058932662010193,0.034020621329545975,0.7452380657196045,0.7071428298950195,0.8389830589294434,relu,32,0.09,0.0,30
55,06/21/21-215442,06/21/21-215515,32.82913899421692,30,0.03103039599955082,0.8034391403198242,0.6661375761032104,0.9179730415344238,0.03557755425572395,0.7404761910438538,0.6261904835700989,0.8766666650772095,relu,32,0.07,0.0,30
51,06/21/21-215231,06/21/21-215304,32.60238575935364,30,0.026027467101812363,0.8335978984832764,0.7420634627342224,0.9230009913444519,0.038055676966905594,0.7214285731315613,0.6071428656578064,0.8360655903816223,relu,32,0.05,0.3,30
5,06/21/21-212023,06/21/21-212057,33.323800802230835,21,0.08009657263755798,0.4653439223766327,0.008201058022677898,1.0,0.07966732978820801,0.4166666567325592,0.01666666753590107,1.0,relu,16,0.03,0.0,30
50,06/21/21-215159,06/21/21-215231,31.96908664703369,30,0.08126640319824219,0.3838624358177185,0.0034391535446047783,1.0,0.08097496628761292,0.4047619104385376,0.004761904943734407,1.0,relu,32,0.05,0.0,30
46,06/21/21-214948,06/21/21-215020,32.28292417526245,30,0.08266102522611618,0.41534391045570374,0.0,0.0,0.0829404816031456,0.38333332538604736,0.0,0.0,relu,32,0.03,0.3,30
2,06/21/21-211754,06/21/21-211848,54.200570821762085,30,0.0824740082025528,0.4224867820739746,0.0,0.0,0.08234858512878418,0.3738095164299011,0.0,0.0,relu,16,0.01,0.6,30
1,06/21/21-211701,06/21/21-211753,52.657649993896484,30,0.08869227021932602,0.4079365134239197,0.0,0.0,0.08882881700992584,0.369047611951828,0.0,0.0,relu,16,0.01,0.3,30
0,06/21/21-211602,06/21/21-211700,58.752031087875366,30,0.08919096738100052,0.31878307461738586,0.0,0.0,0.08927345275878906,0.28809523582458496,0.0,0.0,relu,16,0.01,0.0,30
45,06/21/21-214915,06/21/21-214948,32.16658353805542,30,0.08837639540433884,0.3272486627101898,0.0,0.0,0.08855495601892471,0.27619048953056335,0.0,0.0,relu,32,0.03,0.0,30
42,06/21/21-214732,06/21/21-214805,33.09107422828674,30,0.08941565454006195,0.2579365074634552,0.0,0.0,0.08947202563285828,0.2547619044780731,0.0,0.0,relu,32,0.01,0.6,30
41,06/21/21-214700,06/21/21-214731,30.99799084663391,30,0.08961882442235947,0.30317461490631104,0.0,0.0,0.08969181776046753,0.24523809552192688,0.0,0.0,relu,32,0.01,0.3,30
40,06/21/21-214630,06/21/21-214700,30.066355228424072,30,0.08977366983890533,0.2529100477695465,0.0,0.0,0.08982902765274048,0.24047619104385376,0.0,0.0,relu,32,0.01,0.0,30
39,06/21/21-214552,06/21/21-214630,37.051989793777466,19,0.1773015409708023,0.11349206417798996,0.11349206417798996,0.11349206417798996,0.17999997735023499,0.10000000149011612,0.10000000149011612,0.10000000149011612,relu,16,0.5,0.95,30
