,start,end,duration,round_epochs,loss,accuracy,recall,precision,val_loss,val_accuracy,val_recall,val_precision,act_fn,batch_size,client_lr,client_momentum,epochs
34,06/15/21-224447,06/15/21-225221,454.08681774139404,30,0.001179526443593204,0.94867342710495,0.944973349571228,0.9535788893699646,0.001995605416595936,0.9179695248603821,0.9130964279174805,0.9253086447715759,relu,16,0.3,0.95,30
79,06/16/21-014605,06/16/21-014927,202.49027943611145,26,0.0012544107157737017,0.9458532333374023,0.939829409122467,0.9524865746498108,0.001945464056916535,0.9175634384155273,0.9068020582199097,0.9284823536872864,relu,32,0.5,0.95,30
38,06/15/21-231255,06/15/21-231937,402.8254361152649,27,0.0012198922922834754,0.9464623928070068,0.9407544732093811,0.9525310397148132,0.001964071299880743,0.9165482521057129,0.9080203175544739,0.9256882667541504,relu,16,0.5,0.9,30
74,06/16/21-012742,06/16/21-013057,194.9306321144104,25,0.0013351329835131764,0.9421306848526001,0.9359263777732849,0.9516861438751221,0.0021769495215266943,0.9102538228034973,0.9013198018074036,0.9213366508483887,relu,32,0.3,0.95,30
73,06/16/21-012350,06/16/21-012742,231.89122939109802,30,0.0014930913457646966,0.9357233047485352,0.9284811615943909,0.9492987394332886,0.0021979925222694874,0.9088324904441833,0.893401026725769,0.9270964860916138,relu,32,0.3,0.9,30
33,06/15/21-223816,06/15/21-224447,390.4306528568268,26,0.001339636160992086,0.9423788189888,0.9354751110076904,0.9519917368888855,0.002026405418291688,0.9078172445297241,0.8984771370887756,0.9214910268783569,relu,16,0.3,0.9,30
78,06/16/21-014229,06/16/21-014605,215.90121388435364,28,0.0013501396169885993,0.941047728061676,0.9350013732910156,0.9526469707489014,0.002112993039190769,0.9076142311096191,0.9001015424728394,0.9227727055549622,relu,32,0.5,0.9,30
37,06/15/21-230628,06/15/21-231254,386.2502748966217,26,0.0015838262625038624,0.9318428039550781,0.9241719841957092,0.9444354772567749,0.0021745183039456606,0.9072081446647644,0.8954314589500427,0.9224011898040771,relu,16,0.5,0.6,30
24,06/15/21-213151,06/15/21-213916,445.17393684387207,30,0.0013964123791083694,0.9392203092575073,0.9338732957839966,0.9493807554244995,0.0021517679560929537,0.9061928987503052,0.8976649641990662,0.9210416674613953,relu,16,0.09,0.95,30
29,06/15/21-220915,06/15/21-221554,399.23911690711975,27,0.001445277244783938,0.9371446371078491,0.9298123121261597,0.9480573534965515,0.0022431197576224804,0.9055837392807007,0.8962436318397522,0.9193918108940125,relu,16,0.1,0.95,30
39,06/15/21-231938,06/15/21-232507,329.6342749595642,22,0.0014547489117830992,0.9375959038734436,0.9319330453872681,0.9443974494934082,0.002132306108251214,0.9041624069213867,0.893401026725769,0.9224318861961365,relu,16,0.5,0.95,30
19,06/15/21-205419,06/15/21-210151,451.82322788238525,30,0.0015658806078135967,0.9314818382263184,0.9239463806152344,0.9462338089942932,0.0022707306779921055,0.9029441475868225,0.8929949402809143,0.920468807220459,relu,16,0.07,0.95,30
28,06/15/21-220139,06/15/21-220915,455.45476388931274,30,0.0016735026147216558,0.9278043508529663,0.9189378023147583,0.9441366791725159,0.002284520771354437,0.9013198018074036,0.8913705348968506,0.9224627017974854,relu,16,0.1,0.9,30
77,06/16/21-013836,06/16/21-014228,232.2779564857483,30,0.001911173458211124,0.9175841808319092,0.9068676233291626,0.9367949962615967,0.002436995506286621,0.8956345319747925,0.8824365735054016,0.9157184958457947,relu,32,0.5,0.6,30
64,06/16/21-004943,06/16/21-005326,222.48150897026062,29,0.0017951502231881022,0.9214872121810913,0.9108158349990845,0.9421030282974243,0.002399038290604949,0.893604040145874,0.8797969818115234,0.920739471912384,relu,32,0.09,0.95,30
14,06/15/21-201719,06/15/21-202437,438.03644585609436,29,0.0016922290669754148,0.9263378977775574,0.9183286428451538,0.9421349763870239,0.002454584464430809,0.8931979537010193,0.8818274140357971,0.9147009253501892,relu,16,0.05,0.95,30
69,06/16/21-010855,06/16/21-011215,200.30134463310242,26,0.0017458905931562185,0.9251195788383484,0.915305495262146,0.9390334486961365,0.0024128714576363564,0.8919796943664551,0.8826395869255066,0.9103664755821228,relu,32,0.1,0.95,30
59,06/16/21-003312,06/16/21-003617,184.74103260040283,24,0.001999650616198778,0.9136584997177124,0.9017236828804016,0.9347053170204163,0.002585678594186902,0.886294424533844,0.8716751337051392,0.9126275777816772,relu,32,0.07,0.95,30
23,06/15/21-212414,06/15/21-213151,456.29939818382263,30,0.0019901408813893795,0.9114024043083191,0.9010919332504272,0.9398753046989441,0.002533473540097475,0.8856852650642395,0.8757360577583313,0.9162948727607727,relu,16,0.09,0.9,30
9,06/15/21-194005,06/15/21-194734,449.25408840179443,30,0.002181418938562274,0.9042505025863647,0.8877357840538025,0.9352760910987854,0.002576628001406789,0.88487309217453,0.867411196231842,0.9165415167808533,relu,16,0.03,0.95,30
36,06/15/21-225858,06/15/21-230628,449.13900566101074,30,0.0019425494829192758,0.9156438708305359,0.9036864638328552,0.9367837309837341,0.002567012095823884,0.8842639327049255,0.8730964660644531,0.9092831611633301,relu,16,0.5,0.3,30
18,06/15/21-204654,06/15/21-205419,444.0537385940552,30,0.0021581801120191813,0.9086950421333313,0.8919772505760193,0.9350993633270264,0.0027805324643850327,0.8832487463951111,0.8672081232070923,0.9098849892616272,relu,16,0.07,0.9,30
13,06/15/21-200952,06/15/21-201718,446.1536316871643,30,0.0021051098592579365,0.9090785980224609,0.8940303325653076,0.9336742162704468,0.0026165295857936144,0.8822335004806519,0.8686294555664062,0.9117646813392639,relu,16,0.05,0.9,30
72,06/16/21-011955,06/16/21-012350,234.72380232810974,30,0.002278662519529462,0.9026486873626709,0.8842162489891052,0.9283683896064758,0.002752766478806734,0.8781725764274597,0.8596954345703125,0.910146176815033,relu,32,0.3,0.6,30
54,06/16/21-001533,06/16/21-001927,234.19656085968018,30,0.002153886714950204,0.9067999124526978,0.8932632207870483,0.9329610466957092,0.002760926727205515,0.8767512440681458,0.8631471991539001,0.9083333611488342,relu,32,0.05,0.95,30
68,06/16/21-010502,06/16/21-010854,232.09691047668457,30,0.002308552386239171,0.8990389108657837,0.8835844993591309,0.9304381012916565,0.0028286974411457777,0.8755329847335815,0.8582741022109985,0.9055269956588745,relu,32,0.1,0.9,30
58,06/16/21-002915,06/16/21-003311,236.23257040977478,30,0.0023259262088686228,0.8988584280014038,0.8826369643211365,0.9290429949760437,0.0028384297620505095,0.8751268982887268,0.8594923615455627,0.9095401763916016,relu,32,0.07,0.9,30
49,06/15/21-235802,06/16/21-000156,234.07110619544983,30,0.002462825970724225,0.8931278586387634,0.8753722310066223,0.9266557097434998,0.002880331827327609,0.8751268982887268,0.8560405969619751,0.9141370058059692,relu,32,0.03,0.95,30
63,06/16/21-004552,06/16/21-004943,230.48853588104248,30,0.002323613967746496,0.89757239818573,0.8822985291481018,0.9316070079803467,0.002827226649969816,0.8728933930397034,0.8552284240722656,0.9089339375495911,relu,32,0.09,0.9,30
32,06/15/21-223039,06/15/21-223816,457.2094736099243,30,0.0021487255580723286,0.9033254981040955,0.8918644785881042,0.9395588636398315,0.002795314881950617,0.8724873065948486,0.8607106804847717,0.9088764786720276,relu,16,0.3,0.6,30
30,06/15/21-221555,06/15/21-222313,438.050213098526,30,0.002631808863952756,0.8851637840270996,0.8657837510108948,0.9222986102104187,0.0030110711231827736,0.8678172826766968,0.8460913896560669,0.9102228283882141,relu,16,0.3,0.0,30
35,06/15/21-225222,06/15/21-225858,396.4849877357483,27,0.002500719390809536,0.8891345262527466,0.8715143203735352,0.9274892807006836,0.0029897517524659634,0.8672081232070923,0.8469035625457764,0.9073308706283569,relu,16,0.5,0.0,30
76,06/16/21-013446,06/16/21-013836,229.9049415588379,30,0.0026868004351854324,0.8794558048248291,0.8569397926330566,0.935104250907898,0.003094002604484558,0.8607106804847717,0.8332995176315308,0.9156626462936401,relu,32,0.5,0.3,30
31,06/15/21-222313,06/15/21-223038,445.2710464000702,30,0.0025889810640364885,0.8823211193084717,0.8642947673797607,0.9337509274482727,0.0031664844136685133,0.8572588562965393,0.8353299498558044,0.9158504009246826,relu,16,0.3,0.3,30
8,06/15/21-193239,06/15/21-194004,445.35900115966797,30,0.0029948209412395954,0.8653325438499451,0.8398159146308899,0.9298096895217896,0.003349230159074068,0.8505584001541138,0.8237563371658325,0.9145626425743103,relu,16,0.03,0.9,30
27,06/15/21-215409,06/15/21-220139,450.0699179172516,30,0.002990743378177285,0.8655807375907898,0.8431323766708374,0.9249789714813232,0.0033106901682913303,0.8499492406845093,0.8265990018844604,0.9089082479476929,relu,16,0.1,0.6,30
22,06/15/21-211646,06/15/21-212414,448.3217384815216,30,0.003164746332913637,0.8566465377807617,0.8315585255622864,0.9191063046455383,0.0034314002841711044,0.8446700572967529,0.8192893266677856,0.9093982577323914,relu,16,0.09,0.6,30
75,06/16/21-013058,06/16/21-013445,227.70054602622986,30,0.0031413740944117308,0.8634374141693115,0.8344012498855591,0.9176260232925415,0.0036345154512673616,0.8395938873291016,0.8064974546432495,0.8968164324760437,relu,32,0.5,0.0,30
4,06/15/21-190226,06/15/21-191003,456.2925474643707,30,0.0035211408976465464,0.8496299982070923,0.814208984375,0.9191136956214905,0.003977720160037279,0.8308629393577576,0.7959390878677368,0.9026018977165222,relu,16,0.01,0.95,30
53,06/16/21-001144,06/16/21-001533,228.88634252548218,30,0.003517210716381669,0.8386201858520508,0.8091327548027039,0.9257137179374695,0.003862240817397833,0.8280203342437744,0.7939086556434631,0.906561553478241,relu,32,0.05,0.9,30
26,06/15/21-214638,06/15/21-215409,450.3199243545532,30,0.0037564949598163366,0.837131142616272,0.7967241406440735,0.9061842560768127,0.004058260470628738,0.8227410912513733,0.7815228700637817,0.8992990851402283,relu,16,0.1,0.3,30
12,06/15/21-200215,06/15/21-200952,457.1283755302429,30,0.0039742011576890945,0.8312652111053467,0.7933399677276611,0.9100413918495178,0.004214445594698191,0.8205075860023499,0.7803045511245728,0.904235303401947,relu,16,0.05,0.6,30
20,06/15/21-210151,06/15/21-210912,440.6045207977295,30,0.004089116118848324,0.8238877654075623,0.7823978066444397,0.9000518918037415,0.004245641175657511,0.8192893266677856,0.7774619460105896,0.8946261405944824,relu,16,0.09,0.0,30
25,06/15/21-213916,06/15/21-214638,441.5341181755066,30,0.004294553771615028,0.8226017355918884,0.7753361463546753,0.895997941493988,0.004431674722582102,0.8170558214187622,0.7656852602958679,0.897857129573822,relu,16,0.1,0.0,30
17,06/15/21-203926,06/15/21-204654,447.66887617111206,30,0.0037422445602715015,0.82709139585495,0.7952350974082947,0.9194250702857971,0.00409451499581337,0.8097462058067322,0.7766497731208801,0.9109311699867249,relu,16,0.07,0.6,30
70,06/16/21-011215,06/16/21-011601,226.06543278694153,30,0.0037708450108766556,0.83327317237854,0.7983259558677673,0.9077266454696655,0.004419886041432619,0.8048731088638306,0.7618274092674255,0.8905767798423767,relu,32,0.3,0.0,30
71,06/16/21-011602,06/16/21-011955,233.03048062324524,30,0.0031135943718254566,0.8648136258125305,0.8373567461967468,0.9154026508331299,0.004742259159684181,0.8042639493942261,0.7744162678718567,0.8505798578262329,relu,32,0.3,0.3,30
67,06/16/21-010107,06/16/21-010502,234.83866667747498,30,0.004322076216340065,0.8059290647506714,0.7599043250083923,0.9068440198898315,0.004525120835751295,0.7997969388961792,0.7569543123245239,0.8935762047767639,relu,32,0.1,0.6,30
44,06/15/21-234026,06/15/21-234415,228.8016541004181,30,0.004292620345950127,0.8098095655441284,0.7665824294090271,0.9046807885169983,0.004551625344902277,0.7991878390312195,0.7504568696022034,0.8931851387023926,relu,32,0.01,0.95,30
21,06/15/21-210912,06/15/21-211645,453.2598252296448,30,0.004224592819809914,0.8182925581932068,0.7752910256385803,0.9055788516998291,0.004666616208851337,0.7987817525863647,0.7602030634880066,0.8836441040039062,relu,16,0.09,0.3,30
57,06/16/21-002522,06/16/21-002915,232.78183221817017,30,0.004432004410773516,0.8001759648323059,0.7531810998916626,0.8992565274238586,0.004601968452334404,0.7937055826187134,0.7463959455490112,0.8965853452682495,relu,32,0.07,0.6,30
48,06/15/21-235409,06/15/21-235801,232.43222212791443,30,0.004409315530210733,0.799882709980011,0.7554597854614258,0.9088811874389648,0.0047047333791852,0.7839593887329102,0.738274097442627,0.8979995250701904,relu,32,0.03,0.9,30
52,06/16/21-000751,06/16/21-001143,232.65888786315918,30,0.004823620896786451,0.7849697470664978,0.7323572039604187,0.8989476561546326,0.004978681914508343,0.7754314541816711,0.7240608930587769,0.8935104012489319,relu,32,0.05,0.6,30
3,06/15/21-185452,06/15/21-190226,453.72697615623474,30,0.00496966578066349,0.7732605338096619,0.7194973230361938,0.8920310139656067,0.0050085424445569515,0.7695431709289551,0.7114720940589905,0.9012345671653748,relu,16,0.01,0.9,30
15,06/15/21-202437,06/15/21-203158,440.5793800354004,30,0.004973608534783125,0.7753587365150452,0.7199485898017883,0.896754264831543,0.005169536918401718,0.7656852602958679,0.7124872803688049,0.8935574293136597,relu,16,0.07,0.0,30
61,06/16/21-003808,06/16/21-004201,233.02115774154663,30,0.005021583754569292,0.7695605158805847,0.7121424078941345,0.8996465802192688,0.005139118060469627,0.7636548280715942,0.7011167407035828,0.898283064365387,relu,32,0.09,0.3,30
7,06/15/21-192503,06/15/21-193239,455.497029542923,30,0.0051399413496255875,0.7773666381835938,0.7245059013366699,0.8963851928710938,0.00543066905811429,0.7614213228225708,0.7098476886749268,0.8810483813285828,relu,16,0.03,0.6,30
66,06/16/21-005715,06/16/21-010107,231.97721076011658,30,0.005126146133989096,0.7607390880584717,0.7089613080024719,0.9022366404533386,0.005257321987301111,0.7537055611610413,0.7025380730628967,0.8952134251594543,relu,32,0.1,0.3,30
16,06/15/21-203158,06/15/21-203926,448.15025091171265,30,0.005121435504406691,0.7668531537055969,0.7131802439689636,0.8979632258415222,0.0055242497473955154,0.7492385506629944,0.6988832354545593,0.8756041526794434,relu,16,0.07,0.3,30
11,06/15/21-195449,06/15/21-200214,445.3751571178436,30,0.005735047161579132,0.7379974722862244,0.6770372986793518,0.8887605667114258,0.005839548073709011,0.7338070869445801,0.6735025644302368,0.8892761468887329,relu,16,0.05,0.3,30
47,06/15/21-235016,06/15/21-235409,233.01385140419006,30,0.0059568495489656925,0.7316578030586243,0.6542956233024597,0.8816233277320862,0.005965076386928558,0.7305583953857422,0.6572588682174683,0.8861209750175476,relu,32,0.03,0.6,30
43,06/15/21-233636,06/15/21-234026,230.32663679122925,30,0.005953816697001457,0.7370498776435852,0.6669975519180298,0.8682015538215637,0.006069368217140436,0.7299492359161377,0.6653807163238525,0.8601049780845642,relu,32,0.01,0.9,30
65,06/16/21-005326,06/16/21-005714,228.53616333007812,30,0.00601870147511363,0.7350419759750366,0.6609286069869995,0.8833107352256775,0.006266978569328785,0.7240608930587769,0.6538071036338806,0.8698000907897949,relu,32,0.1,0.0,30
5,06/15/21-191003,06/15/21-191729,446.1894817352295,30,0.006983291823416948,0.692266047000885,0.5947116613388062,0.8695078492164612,0.007014743518084288,0.6938071250915527,0.595736026763916,0.8634490966796875,relu,16,0.03,0.0,30
51,06/16/21-000358,06/16/21-000750,232.9437279701233,30,0.006912874057888985,0.6869867444038391,0.6020214557647705,0.8765521049499512,0.006959910038858652,0.6856852769851685,0.5993908643722534,0.870539665222168,relu,32,0.05,0.3,30
2,06/15/21-184721,06/15/21-185452,450.4228515625,30,0.007390518207103014,0.6746006608009338,0.5775651931762695,0.8676789402961731,0.0074527026154100895,0.6737055778503418,0.5715736150741577,0.8742235898971558,relu,16,0.01,0.6,30
62,06/16/21-004201,06/16/21-004552,230.88986134529114,30,0.006699648220092058,0.6696823239326477,0.6113166809082031,0.8971294164657593,0.006789517588913441,0.6682233214378357,0.6113705635070801,0.8945335745811462,relu,32,0.09,0.6,30
10,06/15/21-194734,06/15/21-195449,434.4227867126465,30,0.007141988258808851,0.6596651673316956,0.5892518758773804,0.875561535358429,0.007213775999844074,0.6568527817726135,0.588426411151886,0.869486927986145,relu,16,0.05,0.0,30
6,06/15/21-191730,06/15/21-192503,453.18643617630005,30,0.007121292408555746,0.6570255160331726,0.5945537686347961,0.8967265486717224,0.0071747382171452045,0.6548223495483398,0.5959390997886658,0.8912845253944397,relu,16,0.03,0.3,30
55,06/16/21-001928,06/16/21-002315,227.71204257011414,30,0.007812868803739548,0.6248533725738525,0.5222226977348328,0.8936720490455627,0.008040552958846092,0.6198984980583191,0.5015228390693665,0.884987473487854,relu,32,0.07,0.0,30
46,06/15/21-234627,06/15/21-235015,228.4302179813385,30,0.008282582275569439,0.620318591594696,0.5032488107681274,0.8752256035804749,0.00833225529640913,0.6174619197845459,0.5011167526245117,0.878917396068573,relu,32,0.03,0.3,30
42,06/15/21-233245,06/15/21-233635,230.24418568611145,30,0.009749941527843475,0.5337288975715637,0.4040023386478424,0.8696940541267395,0.009748621843755245,0.5297461748123169,0.4105583727359772,0.8693035244941711,relu,32,0.01,0.6,30
1,06/15/21-183950,06/15/21-184721,451.4706106185913,30,0.01449696533381939,0.27797582745552063,0.0017823301022872329,0.568345308303833,0.014327659271657467,0.30680203437805176,0.00568527914583683,0.6222222447395325,relu,16,0.01,0.3,30
0,06/15/21-183308,06/15/21-183949,400.9491856098175,27,0.015833526849746704,0.23082302510738373,0.0,0.0,0.015833869576454163,0.2207106649875641,0.0,0.0,relu,16,0.01,0.0,30
56,06/16/21-002316,06/16/21-002522,126.11691427230835,16,0.015760494396090508,0.22691994905471802,0.0,0.0,0.015753967687487602,0.21766497194766998,0.0,0.0,relu,32,0.07,0.3,30
60,06/16/21-003617,06/16/21-003807,110.34674739837646,14,0.01578984037041664,0.22470895946025848,0.0,0.0,0.015787508338689804,0.21543146669864655,0.0,0.0,relu,32,0.09,0.0,30
50,06/16/21-000156,06/16/21-000357,120.99882888793945,16,0.014593182131648064,0.22470895946025848,0.024794694036245346,0.7282968759536743,0.01435027178376913,0.21543146669864655,0.057258881628513336,0.7966101765632629,relu,32,0.05,0.0,30
45,06/15/21-234416,06/15/21-234626,130.7874240875244,17,0.01584622636437416,0.22470895946025848,0.0,0.0,0.015846222639083862,0.21543146669864655,0.0,0.0,relu,32,0.03,0.0,30
40,06/15/21-232508,06/15/21-232855,226.9037914276123,30,0.015835938975214958,0.21751195192337036,0.0,0.0,0.015836752951145172,0.2095431536436081,0.0,0.0,relu,32,0.01,0.0,30
41,06/15/21-232855,06/15/21-233245,229.73728895187378,30,0.01581435650587082,0.12383810430765152,0.0,0.0,0.015815481543540955,0.12060913443565369,0.0,0.0,relu,32,0.01,0.3,30
