,start,end,duration,round_epochs,loss,accuracy,recall,precision,val_loss,val_accuracy,val_recall,val_precision,act_fn,batch_size,client_lr,client_momentum,epochs
79,06/20/21-192020,06/20/21-192039,18.74892544746399,26,0.0009495644480921328,0.9952380657196045,0.9952380657196045,0.995764970779419,0.005995286162942648,0.961904764175415,0.961904764175415,0.9665071964263916,relu,32,0.5,0.95,30
74,06/20/21-191839,06/20/21-191857,17.733723640441895,22,0.0015726409619674087,0.9910053014755249,0.9910053014755249,0.9915298819541931,0.008883523754775524,0.9523809552192688,0.938095211982727,0.9609755873680115,relu,32,0.3,0.95,30
28,06/20/21-190000,06/20/21-190031,30.664684534072876,30,0.0027909453492611647,0.9851852059364319,0.9846560955047607,0.9862214922904968,0.009068493731319904,0.9476190209388733,0.9428571462631226,0.95652174949646,relu,16,0.1,0.9,30
38,06/20/21-190446,06/20/21-190511,24.806734085083008,21,0.0016457366291433573,0.9904761910438538,0.9888888597488403,0.9904610514640808,0.009223654866218567,0.9476190209388733,0.938095211982727,0.9516907930374146,relu,16,0.5,0.9,30
73,06/20/21-191815,06/20/21-191839,24.135154962539673,29,0.0021788415033370256,0.988359808921814,0.9867724776268005,0.9904407858848572,0.00893381703644991,0.9428571462631226,0.9285714030265808,0.946601927280426,relu,32,0.3,0.9,30
59,06/20/21-191241,06/20/21-191302,21.69845485687256,30,0.005664866883307695,0.9661375880241394,0.9603174328804016,0.971107542514801,0.009122036397457123,0.9428571462631226,0.9333333373069763,0.9468598961830139,relu,32,0.07,0.95,30
29,06/20/21-190031,06/20/21-190057,25.420360565185547,22,0.001671330537647009,0.9910053014755249,0.9904761910438538,0.9920508861541748,0.010089868679642677,0.938095211982727,0.9285714030265808,0.9420289993286133,relu,16,0.1,0.95,30
33,06/20/21-190221,06/20/21-190250,28.73244881629944,27,0.0009478481952100992,0.994179904460907,0.9931216835975647,0.9957559704780579,0.009783262386918068,0.938095211982727,0.938095211982727,0.938095211982727,relu,16,0.3,0.9,30
78,06/20/21-192004,06/20/21-192020,15.800183057785034,22,0.0009178735781461,0.9968253970146179,0.9968253970146179,0.9968253970146179,0.008999739773571491,0.938095211982727,0.9333333373069763,0.9377990365028381,relu,32,0.5,0.9,30
19,06/20/21-185540,06/20/21-185606,25.912697792053223,25,0.002960729878395796,0.9825396537780762,0.9825396537780762,0.9841017723083496,0.011171598918735981,0.938095211982727,0.9190475940704346,0.9414634108543396,relu,16,0.07,0.95,30
24,06/20/21-185802,06/20/21-185826,23.879741668701172,23,0.0025349557399749756,0.9846560955047607,0.9846560955047607,0.9862214922904968,0.010178280994296074,0.938095211982727,0.9333333373069763,0.942307710647583,relu,16,0.09,0.95,30
34,06/20/21-190250,06/20/21-190313,23.15663433074951,19,0.0019809920340776443,0.9873015880584717,0.9873015880584717,0.9888712167739868,0.009697881527245045,0.9333333373069763,0.9285714030265808,0.9330143332481384,relu,16,0.3,0.95,30
68,06/20/21-191621,06/20/21-191644,22.943848371505737,30,0.005042871925979853,0.9698412418365479,0.9629629850387573,0.9784946441650391,0.012787305749952793,0.9285714030265808,0.9238095283508301,0.9417475461959839,relu,32,0.1,0.9,30
37,06/20/21-190413,06/20/21-190446,32.86107897758484,30,0.0013815544079989195,0.9925925731658936,0.9925925731658936,0.9936440587043762,0.009690728969871998,0.9285714030265808,0.9190475940704346,0.9323671460151672,relu,16,0.5,0.6,30
32,06/20/21-190150,06/20/21-190221,30.777930736541748,30,0.00403464213013649,0.9793650507926941,0.9756613969802856,0.9829424023628235,0.012560028582811356,0.9238095283508301,0.9190475940704346,0.9323671460151672,relu,16,0.3,0.6,30
69,06/20/21-191644,06/20/21-191704,19.282418966293335,22,0.005023798439651728,0.9671957492828369,0.9661375880241394,0.9723109602928162,0.01193707063794136,0.9238095283508301,0.9238095283508301,0.9371980428695679,relu,32,0.1,0.95,30
13,06/20/21-185239,06/20/21-185309,29.251593828201294,29,0.005263188388198614,0.9682539701461792,0.9634920358657837,0.9769313335418701,0.011575320735573769,0.9190475940704346,0.9190475940704346,0.9323671460151672,relu,16,0.05,0.9,30
64,06/20/21-191435,06/20/21-191500,24.595856189727783,30,0.0030112455133348703,0.9841269850730896,0.9814814925193787,0.9867021441459656,0.011797122657299042,0.9190475940704346,0.9095237851142883,0.9408866763114929,relu,32,0.09,0.95,30
14,06/20/21-185309,06/20/21-185339,29.784847736358643,28,0.0021801763214170933,0.9888888597488403,0.9878306984901428,0.989925742149353,0.011151673272252083,0.9142857193946838,0.9095237851142883,0.9317073225975037,relu,16,0.05,0.95,30
9,06/20/21-185041,06/20/21-185106,24.743295669555664,21,0.006688249763101339,0.9613756537437439,0.9481481313705444,0.9691725373268127,0.011805325746536255,0.9142857193946838,0.9142857193946838,0.9320388436317444,relu,16,0.03,0.95,30
23,06/20/21-185739,06/20/21-185801,22.209495067596436,20,0.005009487271308899,0.9693121910095215,0.9656084775924683,0.9748931527137756,0.013466672971844673,0.9142857193946838,0.9142857193946838,0.9230769276618958,relu,16,0.09,0.9,30
36,06/20/21-190344,06/20/21-190412,27.81239676475525,27,0.004210762679576874,0.9756613969802856,0.9708994626998901,0.9797117114067078,0.013923446647822857,0.9095237851142883,0.9095237851142883,0.9227052927017212,relu,16,0.5,0.3,30
76,06/20/21-191921,06/20/21-191944,22.319610357284546,28,0.007005414925515652,0.9613756537437439,0.9518518447875977,0.9734848737716675,0.013546579517424107,0.9095237851142883,0.8904761672019958,0.9211822748184204,relu,32,0.5,0.3,30
77,06/20/21-191944,06/20/21-192004,19.847926139831543,27,0.004754131659865379,0.9719576835632324,0.9693121910095215,0.980728030204773,0.014244100078940392,0.9095237851142883,0.9047619104385376,0.9178743958473206,relu,32,0.5,0.6,30
18,06/20/21-185517,06/20/21-185539,22.13976788520813,21,0.0061142356134951115,0.9613756537437439,0.9529100656509399,0.9677592515945435,0.012218989431858063,0.9095237851142883,0.9047619104385376,0.9223300814628601,relu,16,0.07,0.9,30
58,06/20/21-191219,06/20/21-191240,21.034554481506348,28,0.007308518048375845,0.9529100656509399,0.9455026388168335,0.9685636758804321,0.014810784719884396,0.9095237851142883,0.8952381014823914,0.9261083602905273,relu,32,0.07,0.9,30
54,06/20/21-191047,06/20/21-191110,22.715460300445557,30,0.005211390554904938,0.9698412418365479,0.9640211462974548,0.9769436717033386,0.013610918074846268,0.9047619104385376,0.8999999761581421,0.9264705777168274,relu,32,0.05,0.95,30
63,06/20/21-191413,06/20/21-191434,21.615727424621582,25,0.0072989980690181255,0.9576719403266907,0.9486772418022156,0.9676200747489929,0.014555376954376698,0.8999999761581421,0.8952381014823914,0.9126213788986206,relu,32,0.09,0.9,30
70,06/20/21-191704,06/20/21-191727,22.677051544189453,30,0.014862753450870514,0.9068782925605774,0.8772487044334412,0.9399092793464661,0.01707412302494049,0.8999999761581421,0.8761904835700989,0.9154228568077087,relu,32,0.3,0.0,30
4,06/20/21-184810,06/20/21-184840,30.172129154205322,30,0.011862698942422867,0.9243386387825012,0.9058201313018799,0.949002206325531,0.016938520595431328,0.8999999761581421,0.8857142925262451,0.9162561297416687,relu,16,0.01,0.95,30
22,06/20/21-185708,06/20/21-185739,30.871204614639282,30,0.01066683977842331,0.9285714030265808,0.9169312119483948,0.9506308436393738,0.015941105782985687,0.8952381014823914,0.8857142925262451,0.9117646813392639,relu,16,0.09,0.6,30
53,06/20/21-191023,06/20/21-191047,23.218855381011963,24,0.013292788527905941,0.9100528955459595,0.8899471163749695,0.9391401410102844,0.016320455819368362,0.8904761672019958,0.8809523582458496,0.9113300442695618,relu,32,0.05,0.9,30
71,06/20/21-191727,06/20/21-191751,23.646006107330322,30,0.010898091830313206,0.9328042268753052,0.9174603223800659,0.9548457860946655,0.015962600708007812,0.8904761672019958,0.8761904835700989,0.9064039587974548,relu,32,0.3,0.3,30
31,06/20/21-190127,06/20/21-190150,22.60159659385681,21,0.009989360347390175,0.9354497194290161,0.9222221970558167,0.950900137424469,0.016754433512687683,0.8904761672019958,0.8761904835700989,0.9108911156654358,relu,16,0.3,0.3,30
49,06/20/21-190848,06/20/21-190909,20.985199213027954,24,0.009666435420513153,0.9375661611557007,0.9269841313362122,0.9563318490982056,0.016344740986824036,0.8857142925262451,0.8809523582458496,0.8980582356452942,relu,32,0.03,0.95,30
27,06/20/21-185929,06/20/21-190000,30.783519983291626,29,0.010844046249985695,0.932275116443634,0.920634925365448,0.9523809552192688,0.01668875478208065,0.8857142925262451,0.8714285492897034,0.905940592288971,relu,16,0.1,0.6,30
8,06/20/21-185007,06/20/21-185041,34.29382038116455,30,0.008406762965023518,0.9492063522338867,0.938095211982727,0.9635869860649109,0.015219183638691902,0.8857142925262451,0.8809523582458496,0.9158415794372559,relu,16,0.03,0.9,30
67,06/20/21-191555,06/20/21-191620,25.689890384674072,30,0.01818491704761982,0.8809523582458496,0.841269850730896,0.9228090643882751,0.01805063709616661,0.8809523582458496,0.8380952477455139,0.9166666865348816,relu,32,0.1,0.6,30
30,06/20/21-190057,06/20/21-190127,29.726542234420776,29,0.007932043634355068,0.9550264477729797,0.9412698149681091,0.966847836971283,0.019049985334277153,0.8761904835700989,0.8619047403335571,0.8916256427764893,relu,16,0.3,0.0,30
21,06/20/21-185637,06/20/21-185708,30.816189289093018,30,0.017843591049313545,0.8798941969871521,0.835449755191803,0.9260997176170349,0.01876016892492771,0.8761904835700989,0.8380952477455139,0.9214659929275513,relu,16,0.09,0.3,30
12,06/20/21-185208,06/20/21-185239,30.699158668518066,30,0.01610267348587513,0.8952381014823914,0.8671957850456238,0.9291383028030396,0.0179467611014843,0.8714285492897034,0.8619047403335571,0.9004974961280823,relu,16,0.05,0.6,30
25,06/20/21-185826,06/20/21-185856,30.431379079818726,30,0.018805066123604774,0.87671959400177,0.8264549970626831,0.9253554344177246,0.01912684738636017,0.8714285492897034,0.8238095045089722,0.9010416865348816,relu,16,0.1,0.0,30
44,06/20/21-190650,06/20/21-190712,21.14580726623535,30,0.021182497963309288,0.8650793433189392,0.8015872836112976,0.9176256656646729,0.020905809476971626,0.8714285492897034,0.8238095045089722,0.9153439402580261,relu,32,0.01,0.95,30
26,06/20/21-185857,06/20/21-185928,31.674246788024902,30,0.015902405604720116,0.8984127044677734,0.8693121671676636,0.9372504353523254,0.020029542967677116,0.8666666746139526,0.8285714387893677,0.9109947681427002,relu,16,0.1,0.3,30
35,06/20/21-190314,06/20/21-190344,30.385112524032593,30,0.005994959734380245,0.9634920358657837,0.9576719403266907,0.9684323072433472,0.01904488354921341,0.8666666746139526,0.8619047403335571,0.8872548937797546,relu,16,0.5,0.0,30
48,06/20/21-190824,06/20/21-190848,23.62676477432251,30,0.01750803180038929,0.8777777552604675,0.8481481671333313,0.9186246395111084,0.020632989704608917,0.8666666746139526,0.8523809313774109,0.9132652878761292,relu,32,0.03,0.9,30
16,06/20/21-185412,06/20/21-185444,32.54536962509155,30,0.021734271198511124,0.8582010865211487,0.7899470925331116,0.9250310063362122,0.022703129798173904,0.8666666746139526,0.7952380776405334,0.907608687877655,relu,16,0.07,0.3,30
75,06/20/21-191857,06/20/21-191921,24.04430079460144,29,0.010624943301081657,0.9312169551849365,0.9126983880996704,0.9535654783248901,0.01789298839867115,0.8619047403335571,0.8619047403335571,0.8916256427764893,relu,32,0.5,0.0,30
62,06/20/21-191348,06/20/21-191412,23.937018394470215,30,0.02054930478334427,0.8677248954772949,0.8264549970626831,0.9097262620925903,0.019712448120117188,0.8619047403335571,0.8428571224212646,0.9123711585998535,relu,32,0.09,0.6,30
17,06/20/21-185445,06/20/21-185517,32.18653464317322,30,0.013560672290623188,0.9174603223800659,0.8973544836044312,0.9427459836006165,0.019769344478845596,0.8571428656578064,0.8476190567016602,0.8989899158477783,relu,16,0.07,0.6,30
20,06/20/21-185606,06/20/21-185636,30.41998529434204,30,0.02615366131067276,0.8211640119552612,0.7386243343353271,0.9070824980735779,0.02359802834689617,0.8523809313774109,0.761904776096344,0.9356725215911865,relu,16,0.09,0.0,30
3,06/20/21-184738,06/20/21-184809,31.886600732803345,30,0.02358293905854225,0.8497354388237,0.77354496717453,0.9166144132614136,0.024788331240415573,0.8476190567016602,0.7809523940086365,0.9111111164093018,relu,16,0.01,0.9,30
57,06/20/21-191157,06/20/21-191219,21.945327281951904,30,0.025866322219371796,0.8333333134651184,0.7365079522132874,0.9169960618019104,0.026596860960125923,0.8238095045089722,0.7476190328598022,0.9235293865203857,relu,32,0.07,0.6,30
7,06/20/21-184933,06/20/21-185006,33.50077533721924,30,0.03742237761616707,0.7597883343696594,0.5555555820465088,0.9275618195533752,0.03576107323169708,0.7857142686843872,0.6142857074737549,0.9280575513839722,relu,16,0.03,0.6,30
15,06/20/21-185339,06/20/21-185411,32.021891593933105,30,0.051027435809373856,0.676719605922699,0.3423280417919159,0.9613670110702515,0.04531882703304291,0.7333333492279053,0.43809524178504944,0.9892473220825195,relu,16,0.07,0.0,30
11,06/20/21-185137,06/20/21-185208,30.612258434295654,30,0.03599567711353302,0.7740740776062012,0.5703703761100769,0.9253218770027161,0.03822535648941994,0.7285714149475098,0.5666666626930237,0.9083969593048096,relu,16,0.05,0.3,30
66,06/20/21-191528,06/20/21-191554,25.217571020126343,30,0.049115248024463654,0.6994708776473999,0.3460317552089691,0.9617646932601929,0.04289424046874046,0.7095237970352173,0.4523809552192688,0.9793814420700073,relu,32,0.1,0.3,30
61,06/20/21-191325,06/20/21-191348,22.79333806037903,30,0.04020395502448082,0.7396825551986694,0.5264550447463989,0.9360300898551941,0.041189707815647125,0.6904761791229248,0.538095235824585,0.8692307472229004,relu,32,0.09,0.3,30
52,06/20/21-190959,06/20/21-191023,24.690068006515503,30,0.05721724033355713,0.6317460536956787,0.21957671642303467,0.9696261882781982,0.05247572809457779,0.6761904954910278,0.261904776096344,0.9821428656578064,relu,32,0.05,0.6,30
10,06/20/21-185107,06/20/21-185137,30.53603720664978,30,0.06940466165542603,0.5613756775856018,0.07671957463026047,0.9666666388511658,0.06635085493326187,0.5904762148857117,0.07619047909975052,1.0,relu,16,0.05,0.0,30
56,06/20/21-191134,06/20/21-191157,22.730958938598633,30,0.0804242268204689,0.5962963104248047,0.004232804290950298,1.0,0.07872047275304794,0.5809524059295654,0.02857142873108387,1.0,relu,32,0.07,0.3,30
65,06/20/21-191500,06/20/21-191527,26.886420726776123,30,0.06977017223834991,0.5407407283782959,0.07566137611865997,0.9470198750495911,0.06519433110952377,0.5666666626930237,0.11428571492433548,0.9230769276618958,relu,32,0.1,0.0,30
72,06/20/21-191751,06/20/21-191814,22.52338409423828,29,0.01857779361307621,0.8746031522750854,0.8592592477798462,0.9463869333267212,0.0711156576871872,0.5666666626930237,0.5476190447807312,0.5693069100379944,relu,32,0.3,0.6,30
55,06/20/21-191110,06/20/21-191134,23.516955137252808,30,0.08816365897655487,0.5158730149269104,0.0,0.0,0.08800888061523438,0.5142857432365417,0.0,0.0,relu,32,0.07,0.0,30
43,06/20/21-190628,06/20/21-190650,22.331167459487915,30,0.08774606883525848,0.48253968358039856,0.0,0.0,0.08734744042158127,0.5047619342803955,0.0,0.0,relu,32,0.01,0.9,30
60,06/20/21-191303,06/20/21-191324,21.876800060272217,30,0.08482995629310608,0.46560847759246826,0.0,0.0,0.08416347205638885,0.4333333373069763,0.0,0.0,relu,32,0.09,0.0,30
5,06/20/21-184840,06/20/21-184910,29.724676609039307,30,0.08856656402349472,0.37566137313842773,0.0,0.0,0.08826041221618652,0.4238095283508301,0.0,0.0,relu,16,0.03,0.0,30
45,06/20/21-190712,06/20/21-190734,22.33722758293152,30,0.08948288857936859,0.34761905670166016,0.0,0.0,0.08940025418996811,0.41428571939468384,0.0,0.0,relu,32,0.03,0.0,30
47,06/20/21-190759,06/20/21-190824,24.475512266159058,30,0.08869891613721848,0.3433862328529358,0.0,0.0,0.08851995319128036,0.36666667461395264,0.0,0.0,relu,32,0.03,0.6,30
46,06/20/21-190735,06/20/21-190759,23.991546869277954,30,0.0889432281255722,0.347089946269989,0.0,0.0,0.08888353407382965,0.36666667461395264,0.0,0.0,relu,32,0.03,0.3,30
6,06/20/21-184910,06/20/21-184932,22.15411901473999,21,0.08848886936903,0.3481481373310089,0.0,0.0,0.088117815554142,0.36666667461395264,0.0,0.0,relu,16,0.03,0.3,30
51,06/20/21-190934,06/20/21-190958,24.308144092559814,30,0.08822230249643326,0.35291004180908203,0.0,0.0,0.08795464783906937,0.34285715222358704,0.0,0.0,relu,32,0.05,0.3,30
2,06/20/21-184714,06/20/21-184737,23.705531120300293,22,0.08913977444171906,0.3026455044746399,0.0,0.0,0.08904340863227844,0.2904762029647827,0.0,0.0,relu,16,0.01,0.6,30
50,06/20/21-190910,06/20/21-190933,23.530406713485718,30,0.08890561014413834,0.2756613790988922,0.0,0.0,0.08875352144241333,0.2809523940086365,0.0,0.0,relu,32,0.05,0.0,30
1,06/20/21-184640,06/20/21-184713,33.14289927482605,30,0.0893755555152893,0.22592592239379883,0.0,0.0,0.08935140073299408,0.22380952537059784,0.0,0.0,relu,16,0.01,0.3,30
39,06/20/21-190511,06/20/21-190532,21.365650177001953,17,0.15330243110656738,0.23333333432674408,0.23333333432674408,0.23333333432674408,0.15619046986103058,0.21904762089252472,0.21904762089252472,0.21904762089252472,relu,16,0.5,0.95,30
42,06/20/21-190606,06/20/21-190627,21.58938479423523,30,0.08947840332984924,0.24867725372314453,0.0,0.0,0.08949773758649826,0.20952381193637848,0.0,0.0,relu,32,0.01,0.6,30
40,06/20/21-190533,06/20/21-190550,17.41319751739502,23,0.08980537205934525,0.1894179880619049,0.0,0.0,0.08975843340158463,0.20000000298023224,0.0,0.0,relu,32,0.01,0.0,30
0,06/20/21-184604,06/20/21-184640,35.956820487976074,30,0.08968767523765564,0.1576719582080841,0.0,0.0,0.08976160734891891,0.15238095819950104,0.0,0.0,relu,16,0.01,0.0,30
41,06/20/21-190551,06/20/21-190605,14.726507902145386,19,0.08994679152965546,0.14232803881168365,0.0,0.0,0.08992855995893478,0.1428571492433548,0.0,0.0,relu,32,0.01,0.3,30
