,start,end,duration,round_epochs,loss,accuracy,recall,precision,val_loss,val_accuracy,val_recall,val_precision,act_fn,batch_size,client_lr,client_momentum,epochs
15,06/01/21-142126,06/01/21-144938,1692.21977186203,13,0.003843835787847638,0.8381493091583252,0.8068162798881531,0.8803582787513733,0.004367452580481768,0.816760241985321,0.7894913554191589,0.8551872968673706,relu,16,0.5,0.9,50
31,06/01/21-204117,06/01/21-205644,927.2539803981781,15,0.003912536893039942,0.8361887335777283,0.8054603934288025,0.8776854872703552,0.004395417403429747,0.8133386969566345,0.7791322469711304,0.8587034940719604,relu,32,0.5,0.9,50
47,06/01/21-232539,06/01/21-233700,681.1278088092804,20,0.003959736321121454,0.8353825211524963,0.8039578795433044,0.8748778700828552,0.004490502644330263,0.8105275630950928,0.7803186178207397,0.8502234220504761,relu,64,0.5,0.9,50
14,06/01/21-133906,06/01/21-142124,2538.260950565338,21,0.003942570649087429,0.8365735411643982,0.8064315319061279,0.8760151267051697,0.0045160287991166115,0.8097710609436035,0.781444787979126,0.8485255837440491,relu,16,0.5,0.6,50
11,06/01/21-110819,06/01/21-115154,2615.058040857315,22,0.004032251890748739,0.8303985595703125,0.7992487549781799,0.8726068735122681,0.004588177427649498,0.8027905225753784,0.7679221034049988,0.8489787578582764,relu,16,0.1,0.9,50
30,06/01/21-201502,06/01/21-204115,1572.8393137454987,27,0.004207567777484655,0.8238204121589661,0.7914612889289856,0.8699347376823425,0.004695797339081764,0.7977700233459473,0.7541242837905884,0.8524810075759888,relu,32,0.5,0.6,50
13,06/01/21-124931,06/01/21-133904,2972.5178875923157,24,0.004344649147242308,0.8173888921737671,0.7845900058746338,0.872752845287323,0.004808884114027023,0.7944774627685547,0.7630391120910645,0.8482401371002197,relu,16,0.5,0.3,50
27,06/01/21-182746,06/01/21-185629,1722.6920375823975,28,0.004570895805954933,0.807182788848877,0.769729733467102,0.8668950200080872,0.004962771665304899,0.7875742316246033,0.7499032616615295,0.846656322479248,relu,32,0.1,0.9,50
29,06/01/21-193609,06/01/21-201500,2330.381283044815,40,0.0045566437765955925,0.8048374056816101,0.7695098519325256,0.8684395551681519,0.0049993619322776794,0.7833704352378845,0.742845356464386,0.8496725559234619,relu,32,0.5,0.3,50
12,06/01/21-115156,06/01/21-124929,3453.343510389328,28,0.004618124105036259,0.8051305413246155,0.7656619548797607,0.8600242733955383,0.005121486261487007,0.782880425453186,0.7506598234176636,0.8338490128517151,relu,16,0.5,0.0,50
7,06/01/21-072343,06/01/21-081224,2920.6297874450684,25,0.004764527548104525,0.796958327293396,0.7534952163696289,0.8596274852752686,0.005079985596239567,0.7790806889533997,0.7285317778587341,0.8472720980644226,relu,16,0.05,0.9,50
23,06/01/21-165636,06/01/21-172829,1912.8140001296997,32,0.005112400744110346,0.7842235565185547,0.7407237887382507,0.8534783124923706,0.005429905839264393,0.7684550881385803,0.7172785997390747,0.8399287462234497,relu,32,0.05,0.9,50
10,06/01/21-095706,06/01/21-110817,4270.874767780304,36,0.005116606596857309,0.781841516494751,0.7396243810653687,0.85793536901474,0.005455901846289635,0.76533442735672,0.7238035202026367,0.8400682210922241,relu,16,0.1,0.6,50
46,06/01/21-230955,06/01/21-232537,941.9298188686371,30,0.005204860586673021,0.7762162089347839,0.7317086458206177,0.8546937108039856,0.005481853149831295,0.7633228302001953,0.7192902565002441,0.8369678258895874,relu,64,0.5,0.6,50
9,06/01/21-082449,06/01/21-095704,5535.004338264465,48,0.00530174421146512,0.7720751166343689,0.7241227626800537,0.8532103896141052,0.0056115067563951015,0.7567979097366333,0.7164533138275146,0.8328087329864502,relu,16,0.1,0.3,50
43,06/01/21-220941,06/01/21-222352,851.0140092372894,26,0.005579994060099125,0.7596518397331238,0.7045716643333435,0.8463079333305359,0.005795691162347794,0.7482870817184448,0.694351077079773,0.8324469923973083,relu,64,0.1,0.9,50
45,06/01/21-224513,06/01/21-230954,1480.736278295517,46,0.005694153252989054,0.7485295534133911,0.6982318162918091,0.8548929691314697,0.006155365612357855,0.7240098714828491,0.6729709506034851,0.827006995677948,relu,64,0.5,0.3,50
28,06/01/21-185630,06/01/21-193607,2376.924665212631,37,0.0058837952092289925,0.7359413504600525,0.6817407011985779,0.8548190593719482,0.006261110305786133,0.7189378142356873,0.6726872324943542,0.829330563545227,relu,32,0.5,0.0,50
44,06/01/21-222354,06/01/21-224511,1277.130582332611,40,0.00611547427251935,0.7293449640274048,0.6715895533561707,0.8436025381088257,0.006329787895083427,0.7168229818344116,0.6652768850326538,0.826863706111908,relu,64,0.5,0.0,50
3,06/01/21-033605,06/01/21-051000,5634.776502370834,46,0.006601215805858374,0.7051580548286438,0.6391571164131165,0.8406111598014832,0.006727319676429033,0.6988987326622009,0.6360135078430176,0.8272356986999512,relu,16,0.01,0.9,50
26,06/01/21-175805,06/01/21-182744,1779.6446282863617,30,0.0068938713520765305,0.6949702501296997,0.6252313256263733,0.8289886116981506,0.006984282750636339,0.6908779740333557,0.6109883785247803,0.8293696045875549,relu,32,0.1,0.6,50
42,06/01/21-214753,06/01/21-220939,1305.9718868732452,41,0.007279204670339823,0.6777095794677734,0.5980760455131531,0.8211527466773987,0.007377609610557556,0.6706669926643372,0.5972593426704407,0.8080837726593018,relu,64,0.1,0.6,50
19,06/01/21-151035,06/01/21-160050,3014.3403747081757,50,0.008313970640301704,0.6229775547981262,0.5336875915527344,0.8136890530586243,0.008262303657829762,0.6220695972442627,0.5344343185424805,0.8120567202568054,relu,32,0.01,0.9,50
4,06/01/21-051001,06/01/21-065055,6053.547729969025,50,0.00849936157464981,0.613980770111084,0.5139349699020386,0.8070902228355408,0.008438277058303356,0.6170318722724915,0.5210233330726624,0.8026885390281677,relu,16,0.05,0.0,50
21,06/01/21-162221,06/01/21-164616,1435.0585436820984,24,0.015840187668800354,0.10827302187681198,0.0,0.0,0.015838956460356712,0.11015018820762634,0.0,0.0,relu,32,0.05,0.3,50
24,06/01/21-172830,06/01/21-174923,1252.9344263076782,21,0.015847109258174896,0.0851488783955574,0.0,0.0,0.015846269205212593,0.08681859821081161,0.0,0.0,relu,32,0.1,0.0,50
40,06/01/21-213516,06/01/21-214249,453.5280821323395,13,0.015852976590394974,0.06459001451730728,0.0,0.0,0.015851927921175957,0.06620358675718307,0.0,0.0,relu,64,0.1,0.0,50
20,06/01/21-160052,06/01/21-162219,1287.3673129081726,21,0.01584874838590622,0.06242785230278969,0.0,0.0,0.01584758423268795,0.0636245608329773,0.0,0.0,relu,32,0.05,0.0,50
5,06/01/21-065057,06/01/21-070702,965.0372860431671,8,0.015840396285057068,0.06400366127490997,0.0,0.0,0.015838097780942917,0.061483971774578094,0.0,0.0,relu,16,0.05,0.3,50
38,06/01/21-212332,06/01/21-213030,418.45532155036926,12,0.015856195241212845,0.059129636734724045,0.0,0.0,0.01585554890334606,0.061071328818798065,0.0,0.0,relu,64,0.05,0.6,50
22,06/01/21-164618,06/01/21-165634,615.9572055339813,10,0.01580285280942917,0.057883646339178085,0.0,0.0,0.01578986644744873,0.06058131158351898,0.0,0.0,relu,32,0.05,0.6,50
39,06/01/21-213032,06/01/21-213514,282.0154106616974,8,0.01583947241306305,0.05366926267743111,0.0,0.0,0.015836887061595917,0.053179509937763214,0.0,0.0,relu,64,0.05,0.9,50
6,06/01/21-070703,06/01/21-072341,997.5775609016418,8,0.015830012038350105,0.052881356328725815,0.0,0.0,0.015824520960450172,0.052878621965646744,0.0,0.0,relu,16,0.05,0.6,50
2,06/01/21-030606,06/01/21-033603,1797.7051694393158,15,0.015858450904488564,0.049528174102306366,0.0,0.0,0.015857819467782974,0.05115067586302757,0.0,0.0,relu,16,0.01,0.6,50
8,06/01/21-081225,06/01/21-082447,741.9097192287445,6,0.01581902615725994,0.05189189314842224,0.0,0.0,0.015805499628186226,0.05027380585670471,0.0,0.0,relu,16,0.1,0.0,50
41,06/01/21-214251,06/01/21-214751,300.327800989151,8,0.01586315594613552,0.04800732806324959,0.0,0.0,0.015862630680203438,0.04908745363354683,0.0,0.0,relu,64,0.1,0.3,50
35,06/01/21-210810,06/01/21-211549,458.93988585472107,14,0.015834419056773186,0.0477508008480072,0.0,0.0,0.015832044184207916,0.049035873264074326,0.0,0.0,relu,64,0.01,0.9,50
0,06/01/21-023246,06/01/21-025326,1240.0869672298431,10,0.01586833782494068,0.04731104150414467,0.0,0.0,0.01586865447461605,0.04696405678987503,0.0,0.0,relu,16,0.01,0.0,50
25,06/01/21-174925,06/01/21-175803,517.423858165741,8,0.015823788940906525,0.03868071362376213,0.0,0.0,0.015817759558558464,0.041874781250953674,0.0,0.0,relu,32,0.1,0.3,50
18,06/01/21-150334,06/01/21-151032,418.0482075214386,6,0.015866955742239952,0.03481447696685791,0.0,0.0,0.015866726636886597,0.03538423031568527,0.0,0.0,relu,32,0.01,0.6,50
1,06/01/21-025327,06/01/21-030604,756.9966704845428,6,0.015869779512286186,0.0225011445581913,0.0,0.0,0.015869470313191414,0.021233977749943733,0.0,0.0,relu,16,0.01,0.3,50
37,06/01/21-211947,06/01/21-212330,222.4469780921936,6,0.015869027003645897,0.016619330272078514,0.0,0.0,0.015868542715907097,0.01817353442311287,0.0,0.0,relu,64,0.05,0.3,50
34,06/01/21-210424,06/01/21-210809,224.68021488189697,6,0.015871278941631317,0.016069628298282623,0.0,0.0,0.01587134413421154,0.016729280352592468,0.0,0.0,relu,64,0.01,0.6,50
32,06/01/21-205646,06/01/21-210026,220.52885580062866,6,0.015869399532675743,0.016472743824124336,0.0,0.0,0.015869412571191788,0.016677699983119965,0.0,0.0,relu,64,0.01,0.0,50
16,06/01/21-144941,06/01/21-145634,413.42839884757996,6,0.015865784138441086,0.011708658188581467,0.0,0.0,0.01586579531431198,0.011614211834967136,0.0,0.0,relu,32,0.01,0.0,50
33,06/01/21-210028,06/01/21-210422,234.02336502075195,6,0.01587463542819023,0.00859367847442627,0.0,0.0,0.015874437987804413,0.008562365546822548,0.0,0.0,relu,64,0.01,0.3,50
17,06/01/21-145636,06/01/21-150332,416.0533638000488,6,0.01586715131998062,0.007274392992258072,0.0,0.0,0.015866950154304504,0.008484994061291218,0.0,0.0,relu,32,0.01,0.3,50
36,06/01/21-211551,06/01/21-211945,233.42409586906433,6,0.01586499623954296,0.0038295923732221127,0.0,0.0,0.015865031629800797,0.0035332650877535343,0.0,0.0,relu,64,0.05,0.0,50
